1.842633788657250360e+00 -1.767211517623488160e+00 5.440278271239935570e-01 -6.361000199351312112e-01 -2.135612518166550622e+00 6.254676047665878036e-01 -7.775157512636591273e-01 -1.066999856731280172e+00 -1.237701891727750914e+00 1.198491115002022767e+00 2.612907874333970093e-01 2.792674738996914763e-01
-1.659204427805333282e+00 4.779482722734991196e-01 9.032206869504166846e-02 -1.887129610860020623e+00 4.095933671566474588e-01 1.468320958894969164e-01 1.826223184739211858e-01 -1.356359166704296682e+00 -8.148588366143261208e-01 -1.354259129500162473e+00 7.608588686582322680e-01 -1.188433899575816799e+00
1.159479789954897644e+00 -1.266353638698617667e-01 -9.595179317755556103e-02 -4.721356983314268785e-01 -1.728438021900662036e-01 1.110870052257414642e+00 -3.245092259084083053e-01 3.620762602189904755e-01 -8.690428595135838430e-01 2.119143890619722415e-01 4.727304870922865443e-01 3.834241966459625006e-01
-3.685860003391615569e-01 -8.616176532191575088e-01 1.331855918128659777e+00 2.375508772451917494e+00 -2.503250815368086579e-01 -1.689478686752805991e+00 -2.754225683889956144e+00 1.115605903605741966e-01 1.325200676824811019e+00 9.145581276907963630e-01 -1.317203004489080342e+00 -1.394189821557050735e+00
5.895889778533218717e-01 -7.862381855119319196e-01 -4.790414831059540690e-01 -6.589712163069016970e-01 -8.738672559486337921e-01 4.754986512506211849e-01 -8.939744914730957115e-01 -9.745251271831475437e-01 -1.340443354553588762e+00 2.531080297496050013e-01 2.872260899540021728e-01 -7.140537581903483311e-02
4.956041995419643298e-01 -5.116047405837921280e-01 9.810158491068736719e-01 -5.116439404507969746e-01 1.488699525923459221e-01 1.944454425290471189e+00 7.512774983721228761e-01 9.497359396521938280e-01 -1.111609441480157612e+00 -4.067991148283812142e-01 5.114256678153787927e-01 -5.007387068430250165e-01
7.768017210361628511e-01 -1.650511157032833187e-01 -3.438210889872816423e-01 5.582524352041607907e-01 1.833436679365307020e-01 1.079439531447113687e+00 1.465095373996399442e+00 2.678215388354943993e+00 4.574336841868111014e-02 -1.623349892602103495e+00 -1.718870059393581728e+00 -4.918805558159892177e-01
-8.106038640373732784e-01 -5.631566750771923591e-01 1.920611284121347406e+00 2.244639111540051246e+00 -1.454806345209271046e-01 -1.363491683893323758e+00 -1.302719786592695828e+00 -3.776390062028955885e-01 7.583793980792945533e-01 8.954453431732652957e-01 3.469222299318295843e-01 -1.664683337236581573e-01
-1.702066460434545458e+00 2.373670297080109126e+00 -2.988898065313555730e+00 -2.382899207611381520e+00 2.055000316907508839e+00 -1.959692895098282150e+00 8.098440831409163820e-01 -4.134740406708116711e-01 -1.504720499782355170e-01 1.548238925635863072e+00 -3.600839378329387941e+00 1.611350552566744199e+00
-1.493061841428903636e+00 1.474543649997155148e+00 -4.221078002179011746e-01 8.152644171615262003e-01 1.376768297661153273e+00 -1.658372790798464225e+00 2.242683398504643766e-01 -8.026225669135479412e-01 1.672179326090799556e+00 2.839606015608244216e-01 -2.123075547316413403e-01 -1.663425615914192912e+00
2.521665815789390308e+00 -1.601049995911045354e+00 2.503220831874992669e-01 -6.031535400698012639e-01 -2.160901281548900599e+00 8.126078707264926537e-01 -7.708785074768951251e-01 -5.038688248836701300e-01 -1.370504059264856522e+00 1.181874453566382988e+00 8.279093941588898387e-02 2.929658363022111245e-01
3.908785150798335106e-01 -6.674186241626604010e-01 1.552156456408164964e-01 -6.946053063861596932e-01 -5.728596914228751835e-01 7.313316073410821572e-01 -1.331202803516421673e-01 -4.024687370438735368e-01 -1.386759266775090538e+00 -1.284596068284335479e-01 5.082486869781012162e-01 -5.515847410604568513e-01
8.098096354735312419e-01 -2.869906175462467735e-01 2.454812468596696273e-01 4.185757225294076123e-01 -9.065078145885285821e-02 7.954588828187043603e-01 9.973015481803272353e-01 1.833797374005655456e+00 -1.572437607469620025e-01 1.048117157884311812e-01 -7.380227255134799713e-02 2.800796294256688856e-01
-3.232186200008276833e-01 3.709061602984529138e-01 2.555446111035080681e-01 2.704333801881999011e-01 4.007036843973784540e-02 -8.462000978379692340e-01 -5.022271844678198871e-01 8.859371606528534393e-01 1.177806686587158785e-01 -9.021172793780084520e-01 -4.139782084190762879e-01 -2.619793170191497822e-01
4.233270967424319631e-01 4.660318905594413308e-01 -1.395031591193474085e+00 -8.219880949685801630e-01 -1.748853109396672489e-01 -2.800544536919770677e-01 2.400273213752213697e-01 -5.159502022998786464e-01 -1.670949303961304436e-02 -8.027220811963620140e-01 8.349553663474086618e-02 -7.872909492303691303e-01
-8.551666296142982349e-01 8.913032891515284550e-01 -1.064793601204151896e+00 -1.258817964912486875e+00 6.587677829572345933e-01 -4.113226721820247844e-01 1.349962558391019973e+00 1.277274037695866449e+00 4.073447741280902118e-02 -2.072266652983774993e+00 -6.375452541105992577e-01 7.738725931182709461e-01
-5.492084256340429294e-01 1.402687545521737134e+00 -3.749850494629206610e-01 1.114819718577721108e+00 1.912695249032913880e+00 -1.868710759462185900e+00 -1.769833654593144789e+00 1.256732299183137114e+00 2.385458390905162762e+00 1.516668319483716498e+00 -3.189478432495443716e+00 -7.797881136976243521e-01
-7.257525264305015877e-01 5.303878067503192684e-01 4.402831776260949237e-01 1.962840757977668771e+00 7.690830821427566688e-01 -1.195445983036551585e+00 -6.542628819329826539e-01 5.623400233893219857e-01 1.082509084621529949e+00 6.368908583810949098e-02 -1.010064265832480102e+00 -9.046659148361738678e-01
-1.070749637623822803e+00 -1.906411966089605892e-01 1.444639973883574902e+00 1.094819344798170668e+00 4.537668622847410571e-01 -4.751036302697509428e-01 -6.313748961164697970e-01 -3.228781749723821926e-01 5.162269871122573406e-01 -4.409689227173355652e-01 3.985806165601455398e-01 -7.363769445278068870e-01
9.733275404651374474e-02 -2.809401570054396724e-01 1.712812368287993658e+00 1.004485526978887044e+00 8.359985393657259900e-03 5.691922897313779206e-01 8.077532795426108914e-01 1.206408015485458174e+00 4.013559387386633204e-01 8.688284493415366905e-01 1.291300164500072789e+00 1.083388854342498542e+00
-6.452628960001948188e-01 -5.892590411222401459e-01 1.673807559492802577e+00 5.263270495225390588e-01 -2.124596214023468654e-01 -6.534426313924850127e-02 -4.781171951080536581e-02 -4.910380571127154203e-01 2.357869077238409772e-01 3.737275264657415885e-01 1.163229287028938685e+00 1.326025674710046842e-01
4.434635057202640507e-01 -5.542695634970840057e-01 5.690122636980390336e-01 -3.029730652233656452e-01 -7.571859831481623226e-01 7.271811237063121602e-01 7.225690981357860698e-01 -3.143320715120142550e-01 -1.130649634177089080e+00 -4.202509452258910705e-01 9.020363842575602753e-01 8.811377376298556996e-01
2.017900104510973680e+00 -1.293410362455619689e+00 -8.919095842833251186e-01 -1.194655662109975536e+00 -1.030920430677843225e+00 1.820731871891880127e+00 -8.248836694749787091e-01 2.742122140824346244e-01 -1.404742234228316011e+00 9.930116252819669587e-01 -3.490844229106874197e-01 -9.761838133547571239e-01
-2.468794595919422130e-01 -1.410719582999830635e-01 6.658821915385354506e-01 -3.051854798054379203e-01 -4.226997690722422707e-01 2.878125183968945899e-01 7.313910015352871330e-01 -1.281127011596734366e+00 3.047807910486224903e-01 -1.031693148412504257e+00 1.451790633654681084e+00 2.554105903325839533e-01
2.113405948400232326e+00 -1.155736099710325426e+00 6.583336967947222007e-01 -1.431392790365716428e-01 -1.472076858898948792e+00 9.681468356165977562e-01 -4.232437019763955477e-01 5.721127292071759296e-02 -1.158392562946938931e+00 7.882116478237547463e-01 4.006092256263565354e-01 1.058188624691303481e+00
1.478803876466697975e+00 -7.802383245640209797e-01 6.234840940335428794e-01 -3.892022315423581680e-01 -7.607316562600491272e-01 1.609737155370118966e+00 2.132456749103606997e-01 3.106918387106184509e-01 -1.072672781592153513e+00 3.185420393548190066e-01 3.360234106298694567e-01 5.962719208184293906e-01
-1.775965397304084759e+00 2.045702576597535849e+00 -2.187549226953760417e+00 -9.655565341841408633e-02 1.931425307218749499e+00 -2.501560287637993873e+00 2.429651712724596901e+00 -1.352669769620284956e+00 9.496336618593851364e-01 -3.699220242007342230e-01 -6.570627870749121691e-01 1.067963311757832851e-01
5.898832892911897163e-01 -1.795942758156743313e-01 8.612675625870848395e-02 -1.247598229728848818e+00 1.589449517483048635e-01 9.540875818806221487e-01 -6.420853786362361593e-01 1.602912274363421652e+00 -8.816930953292620998e-01 -1.444538847225549594e+00 -5.513185898629028303e-01 -1.259546092916283833e+00
-7.774556515183805860e-01 1.704193937133452241e+00 -1.748224204035489393e+00 -8.033691445194055536e-01 1.774695298235934970e+00 -1.624430600213222498e+00 -6.956703260791335941e-01 -6.080659462502702173e-01 1.024295496021403906e+00 1.015618073800393706e+00 -1.951942972443773350e+00 1.122320491705931955e+00
1.364000951680087281e+00 -8.227219402593338726e-01 9.218816902253916812e-01 7.962609006981090642e-01 -7.943273489117609332e-01 5.626532645000460464e-01 -4.475135487463269834e-01 -6.401319793604020036e-01 2.338328946553496768e-01 1.199933282392610767e+00 4.589485161369560862e-01 7.655519485174949734e-01
3.019913516412519594e-01 -8.666331791160982734e-01 6.066760479376387405e-01 2.020887744286018750e-01 -8.396324688486138665e-01 1.174765846231414501e-01 2.864420601548979817e-01 -8.226026548850863263e-01 -4.496305653864602347e-01 4.967665062762879336e-01 6.547305143974050390e-01 1.719107603893471614e-01
2.127315423122888571e+00 -1.187782914270172796e+00 3.755367026152127696e-01 -4.827321245506818181e-01 -1.807329857415244101e+00 9.650034515743827201e-01 -2.766215004816762191e-01 -7.856506443729157629e-01 -1.521508980279337120e+00 1.972795981206906024e+00 1.102785727926037129e+00 5.932124280178855402e-01
-2.040217661620339129e+00 2.480187608927545639e+00 -1.997917027209021423e+00 -5.017878754122075957e-01 2.139244638000274978e+00 -1.818421404158000465e+00 2.247474534900962606e+00 -4.011945013250834413e-01 1.771788195080546080e+00 -1.546025744365021826e+00 -5.873836585082402584e-01 -1.056361730637144225e+00
-4.170109961905547613e-01 4.151996694682826700e-02 -3.382614901012588604e-02 1.256574003446079724e+00 5.617662516228209002e-01 6.981243991728861009e-02 -7.161390265201312832e-01 -4.038788433485713814e-01 1.875217486607056783e+00 2.615221233904965747e-01 3.757880677983126833e-02 -6.449225489920258347e-01
1.909768364541293839e-01 7.193333749785627354e-03 -7.927451804100139610e-01 -1.691200706413291677e-01 5.147329815732755443e-02 2.724098433235637162e-01 5.034525126211412127e-01 2.347655774277380147e-01 -7.329294787536361211e-01 -1.495880661828601077e-01 -1.077102004277789155e-01 -1.080518510538713006e-01
6.705352862088748145e-01 -9.122122117441368305e-02 8.627284384089125568e-01 2.326479070646020997e+00 2.417453963546315268e-02 -1.550438213803107868e+00 -3.113549919611464656e+00 9.577165908130219618e-02 1.691087723069992332e+00 1.267247893200385445e+00 -6.351246082788447600e-01 -8.373063009533950884e-01
-9.628370805737128668e-01 8.884981247059360321e-01 -1.347691921160364847e+00 5.745795733494876156e-01 7.134518572218403465e-01 -7.552043718317883944e-03 -6.839819770548164479e-01 -1.600697198535566024e+00 1.014938825458846505e-01 -5.471319056083120413e-01 2.771054756456088342e-01 1.708472001937011875e+00
1.395489640049506486e+00 -7.027297373696888005e-01 2.013528796085813366e-01 -7.311707165757366234e-01 -6.114652327961026534e-01 1.187565276435691430e+00 -4.531245985862936143e-01 6.858705699245633280e-02 -2.017982039463110944e+00 2.127227602833168252e-01 7.179205085551194632e-01 -3.828151152537365154e-01
5.887632455033980916e-01 -4.208393481690842486e-01 4.082307038846344494e-01 6.848574184021489764e-01 -5.174071059981172338e-01 1.732854831932454098e-01 4.579329359176727010e-01 9.738937583109739116e-01 -3.338368079104114816e-01 5.264389542942716771e-01 1.401727791112581389e-01 6.188423016446339409e-01
-9.511070724703999391e-01 2.016373300692905435e+00 -2.079179185014421449e+00 -2.442068485306237768e+00 1.900311852815824931e+00 -5.502618318937663178e-01 4.497386712813099541e-01 -1.182667771722471367e-01 -2.435187381042327737e-01 1.621038200684311370e+00 -3.869378130196909460e+00 2.588294341878590199e+00
-6.880141060281480536e-01 1.283992859777854045e+00 -1.400518710302878667e+00 -1.160606481879640217e+00 8.882050615708603214e-01 5.686768582859647037e-01 -6.060092995805422406e-02 -4.080344059271048818e-01 6.108487160619399114e-01 -1.741540200894896862e-01 -2.148851969467236334e+00 7.768669793667650758e-01
-3.257471109074027704e-01 1.206817039810391012e+00 -1.120683107254236699e+00 -1.773914656110918697e-01 1.227648359833571234e+00 -1.960540633431580582e-01 1.060836522189182229e+00 5.340901441083683032e-01 5.588580589097557061e-01 -2.643699277317046459e-01 3.995219192728339808e-01 1.253357633790940895e+00
4.157448272212620893e-02 -8.513773736555158012e-01 1.111856303280892133e+00 1.320102440424214096e+00 -4.812865227330339057e-01 -5.798816247041840150e-02 -9.231607908142789309e-01 -1.124227838488345066e+00 8.717151485958057888e-02 1.574920721681300595e+00 8.740612019071491989e-01 4.772768296769843155e-01
-1.168282199866564230e+00 4.009650736438271634e-01 -5.586812319684351102e-01 7.747224616968837463e-01 3.062709703695375429e-01 -2.160125629791767032e+00 -1.230596818792397684e+00 -7.894966055540355576e-01 1.698028966808069917e+00 -8.717554249872967453e-01 -7.716135690015147874e-01 -1.835501367344464452e+00
-8.754473471827024511e-01 7.783414728399766780e-01 -3.633701007342130529e-01 4.431792444583251833e-01 1.056502156149098814e+00 4.097534494702317343e-01 -8.784994307518377843e-01 -6.031453753651443428e-01 4.822231937110270095e-01 -2.689218674163715295e-01 -1.186354381471046437e+00 1.029261489010163233e+00
-4.930017423969791368e-01 1.172075903263592941e-02 5.264876522227204259e-01 1.966143077905956771e+00 4.506910874189660188e-01 -1.163153880953306851e+00 -2.092666229932447663e+00 5.117177654289377653e-01 1.519383686700549685e+00 3.960516855936857539e-01 -1.165733446553071762e+00 -1.446483346402441805e+00
8.528640497087117689e-01 -7.181184780861376016e-01 6.054050873188494553e-01 1.681658169141414805e-01 -8.585466368070762133e-01 6.448149756534390376e-01 3.859461346971118645e-02 -1.461154183186696709e-01 -8.145458452026361762e-01 1.154726775244879766e+00 5.587022917749419060e-01 3.119441533118552656e-02
5.257747450212835183e-01 -1.117156808862085571e+00 2.057151176162002326e-01 -6.849283980609340849e-01 -1.113243941871313814e+00 9.337101063689388081e-01 5.613856341722659460e-01 -4.640596597997069805e-01 -1.037782978164624614e+00 2.600030070281180716e-01 1.337629623846713946e-02 -8.831605974365861478e-01
-5.636028266870326542e-01 2.810481586105283425e-01 -5.358005894315025497e-01 6.041642683842354811e-02 2.282304560951694816e-01 -2.482683800045046574e-01 3.941317680241158139e-01 4.419162015410936228e-01 -2.638292840641870418e-01 -1.874314786202349037e-01 6.633746196595519118e-01 6.489689200240247313e-01
-5.403834588792666427e-01 2.141260651834333284e-01 2.744921627336364689e-01 6.573188742130537943e-01 3.843749257234267414e-01 -1.524808382750601765e-01 1.477878417506279130e+00 1.930935069503824764e+00 1.744785474090111144e-01 -7.475390160226766945e-01 4.166179155220144370e-01 1.004891367024754567e+00
7.869100865474670803e-01 -1.755355794019740345e-01 2.777101007317623327e-01 -3.540943762328939148e-01 -1.500344776071325381e-01 7.632376615222240535e-01 -6.320050104583539996e-01 7.024058791801328638e-01 -9.064597412610839178e-02 -9.362934826409059774e-02 1.015948101669637893e+00 1.048168391900495378e+00
-7.896692155833672233e-01 1.835531421511595429e+00 -1.288244552864182380e+00 -9.032932115077573210e-01 1.704168711590194674e+00 2.428011385374690134e-01 -8.786239246564981897e-01 -3.149567386129419333e-01 1.107965700283124022e+00 4.066192464113594918e-01 -2.528589862853262815e+00 1.985850929115255736e+00
1.404040652040834392e-01 -9.261090411344050644e-01 1.735873179540772027e+00 1.955425661938471893e-01 -8.489738511837940926e-01 4.814873862007813532e-01 4.316677913525199251e-01 -8.573985718561144553e-01 -1.438011697247822740e+00 4.578766943284474089e-01 1.451675193290189014e+00 -3.962184117548151474e-01
-3.028727190121350277e-01 -1.820217051916497297e-01 1.560821672812227501e+00 1.198172482998606903e+00 2.428539507283577342e-02 -2.758383157449668666e-01 3.413819973253246487e-01 9.264540355583130715e-01 3.988714636324607876e-01 -2.704338250744862671e-01 3.502850704913105795e-01 3.009974336641421666e-01
5.606087489916645739e-01 -4.709153372362234191e-01 1.511810452862592191e+00 2.467519174360581768e+00 -2.886432203689767162e-01 -1.672029405937168756e+00 -2.818802458287187118e+00 1.095193330694416017e-01 1.569709519767510830e+00 1.207268963729557942e+00 -6.785957847955252920e-01 -5.226217516052090728e-01
-7.819781942184514945e-01 -8.549180641826834015e-02 1.101446354297755725e+00 8.344592221023088285e-01 2.178245232368538134e-02 -7.155062973038107677e-01 -6.194851624677075175e-02 -6.581869473525191472e-01 2.693909986769868481e-01 -8.823303138010525348e-01 1.037836089135934836e+00 -6.161129148797059862e-01
-2.033602714512159626e-01 -5.538080687084813158e-01 5.419133685560819647e-01 -5.286743660995639749e-01 -3.549378525011127605e-01 7.011995378500400777e-01 4.190921834230940668e-01 -1.777100109458426558e-01 -8.956047493495498113e-01 -6.802158780656798742e-02 8.436093623512720407e-01 -1.466830739403128525e-01
8.932528321386824510e-01 -1.776784445839315607e-01 -2.369334654951153057e-02 1.606184472477222291e-01 -7.268867177815692415e-02 1.080916918261102699e+00 6.655046645661092386e-01 1.188130781290991589e+00 -1.164342549361968709e-01 8.620561854967748183e-02 -1.108233787442469281e-01 6.780402670648493224e-01
1.753149748126360263e+00 -1.689349423738966127e+00 5.055778258697044558e-01 -4.220068568836080614e-01 -2.045565409326940642e+00 6.408271726652693401e-01 -5.791612813682690541e-01 -1.248968237260553060e+00 -9.255158881654923508e-01 1.565216025869956340e+00 1.666021045497966535e-01 5.642960070685171248e-01
-9.613331115568828356e-01 4.898241340109741881e-01 -6.939085086203542474e-01 2.484466799298996609e-01 -2.005796948651610186e-03 -1.102418459975660125e+00 6.095783151452766752e-02 -6.439654534882592873e-01 -1.206690441959027971e-01 -1.123112418428890535e+00 5.304998441464637837e-01 7.806639628682617849e-01
-1.350439962249140591e-01 5.804470032668818114e-02 -2.826516414643091557e-01 -7.547667909397499930e-02 -2.436059680997995913e-01 -2.793712625289030416e-01 3.981741493037186941e-01 -1.728056467162332188e-01 -3.138912704684912458e-01 -2.850566028358829662e-01 8.763524538289532151e-01 4.061689620529472244e-01
-1.086557993192004856e+00 1.750078607753914883e-01 1.925496065881038554e-01 -7.235534438249388023e-01 -2.118147402658694667e-01 1.074572454276507827e-01 2.345069774530989193e+00 -1.166973801305695391e+00 -3.692369853905375088e-01 -1.377092648092147487e+00 1.753263893323111722e+00 -2.411996667943229200e-01
1.165942143448171375e+00 -1.857411748781115368e-01 1.642964504802526815e-01 -8.856234100841589574e-02 -7.779215769532061842e-01 5.073135989439896409e-01 -1.565017068356110196e-03 -6.859205894759878852e-01 -1.012800572415155198e+00 5.198408722865562881e-01 1.352111580733228235e+00 9.043304834593095531e-01
-3.478795178527507304e-01 9.238160502488811376e-01 -2.179502473419687447e-01 1.224019942227395408e+00 1.152781390126557337e+00 8.175156036332226206e-01 9.669902345153633672e-01 -4.563202447677159324e-01 1.393746756915069884e+00 3.873026522330656474e-01 3.767974083063591606e-01 6.714083200838850685e-01
4.251476979566107262e-01 -1.174901252616269431e+00 8.106289419723596845e-01 -4.684887991310591748e-01 -1.225190673292577692e+00 4.485373280828588993e-01 4.282678919208545154e-01 -6.339602201161903539e-01 -1.339973109618970648e+00 -1.742230269619847727e-01 7.114123405365448960e-01 -2.171427080932709641e-01
-1.674996742843145314e-01 -6.211194094326178972e-01 1.411817817130467834e+00 -2.464391483218037471e-01 -8.737450542407328991e-01 3.008038331525362263e-01 1.283655242973751776e+00 -9.165704309401180305e-01 -1.034316830427511658e+00 -5.046764485499548591e-01 1.374079339824961554e+00 1.952879055920250240e-01
2.504834490238973199e+00 -1.824885205924968057e+00 5.914047314000961952e-01 -2.870384106349596065e-01 -2.128073035033843041e+00 1.318230938846849831e+00 -6.298200629928319971e-01 -8.319469196840033609e-01 -1.199963761938537710e+00 2.449112760588127546e+00 5.085167062705825414e-01 5.966352067310286555e-01
7.424718133500658457e-01 -1.073908215191206272e+00 6.555082512504345482e-01 -7.288842807964591997e-02 -1.234623491887758551e+00 6.060907759162158515e-01 5.701953693235699561e-01 -3.559295643009357524e-01 -6.597675078812003102e-01 1.456734268302697144e+00 9.377109505027088066e-01 2.699808822908014716e-01
-5.258346976515675397e-01 -1.607611254797277622e-01 2.139842989570472476e+00 2.657172005108090929e+00 4.055345249833616772e-01 -1.526006955781006980e+00 -2.189514209215247309e+00 1.110372809430465679e+00 1.719455506372460141e+00 1.266997965026159578e+00 -3.283474032869126424e-01 -1.429733487096371825e+00
1.231269413926651957e-01 3.673715861788841019e-01 7.516222564188057564e-02 5.524339383082022686e-02 2.258570187381094552e-01 3.047794130993713435e-01 7.007245895132223623e-01 1.525705393474833915e+00 3.643624032559024117e-01 -3.622181886482305213e-01 -1.195664108337795850e-01 2.531678453673146811e-01
9.749866901540286124e-01 -8.225982511726516178e-01 2.010245498928852292e+00 1.133872113825572292e+00 -4.164251995523224337e-01 1.458113569320178549e+00 4.119082701340795460e-01 -3.075092437622032118e-02 -5.719168905143184878e-01 1.375111027250578655e+00 1.169127328058981119e+00 3.790493550061962424e-01
2.138459409729329408e-01 5.094161425360017592e-01 -4.441428254206966075e-01 -4.057223415166308356e-01 1.461649788117344306e-01 -3.372203754227959260e-01 -8.456571655378859464e-01 -5.399961041331199363e-01 -6.176914042785925929e-01 -1.387423395866966169e+00 3.124776141351030545e-01 3.145133885416134811e-01
-9.119910468207494958e-01 6.021439038196021443e-01 3.539979292394021537e-01 2.207634322114332692e-01 2.898609275550448339e-01 -4.535223018736128653e-01 5.227678502293952034e-01 -8.956754571194306402e-01 2.256009194040156651e-01 -1.558447183609833031e+00 1.200081605387322448e+00 -6.109819789000010826e-02
-1.737893321344952668e-01 4.151287452026224400e-01 -1.264676002840384283e+00 -1.260309458306845265e+00 2.311539483984032528e-01 3.889010700661919839e-02 -2.478952912757013960e-01 7.439156762951028290e-02 -3.410505140997721063e-01 -1.252654399339369062e+00 -4.003905818761511748e-01 -2.532129504343395565e-01
-6.510448388221556915e-01 1.993305818332383073e+00 -2.557817103955521976e+00 -5.955899301344218522e-01 1.847890437770321137e+00 -1.662380848948930456e+00 8.637338647367800437e-01 -1.557255683625929699e+00 1.229566374824129227e+00 8.087307165290823496e-01 -1.568069862173307794e+00 6.825446957229940326e-01
-6.469811994266158051e-01 2.016125773300569524e+00 -3.170923139471158780e+00 -1.997802480755255461e+00 1.275234436627478374e+00 -1.363515460613785590e+00 1.044488502623286186e+00 3.754102230253053563e-01 -1.086183389301158764e+00 4.325341493236043444e-01 -2.720450326459017631e+00 8.729958735997034314e-01
-1.243768314486570326e+00 8.214184200563469096e-01 1.634366089548233425e-01 1.313451521395666566e+00 1.022012057884046810e+00 -2.277895124860385700e-01 1.314813925595329058e+00 -5.006532208856453448e-01 1.665870796588120761e+00 -1.232945658007644107e+00 -3.598397712217427657e-01 -1.070846503668903438e+00
-1.176607929988400025e+00 -2.132566738019930908e-02 8.543672172659231290e-01 -8.525833452928855971e-01 3.027879065284796445e-01 5.967177473471124705e-02 9.869811846256886234e-01 6.713138656192613185e-01 -1.370260660405001885e-01 -2.282645793671604917e+00 6.963756155976759121e-01 1.680373242218669017e-01
1.576014884448777575e+00 -4.234457749077520372e-01 -4.792694154267544970e-01 1.240819292839043415e-02 -9.568688450713418447e-01 -5.513052020550715526e-02 -1.107412688156608427e+00 -4.455997584252749388e-01 -8.516835525732009415e-01 5.268940748061741175e-01 2.411823688598763171e-01 3.263533760481379109e-01
2.160625682759365340e-01 -5.157942244812480093e-01 -3.747739619661210608e-01 -2.530495772342448713e-01 -6.877603931491983458e-01 1.824457245917377179e-01 -1.073482788599339072e-01 -2.002880582019592182e-01 -7.104161524221143109e-01 2.975584356441710598e-01 6.067410394383552230e-01 7.483309043855361775e-01
1.386753617869169952e+00 -1.125154717753681144e+00 9.681384348953212537e-01 -5.229250279465447182e-01 -1.089996111278023649e+00 8.962684020107231087e-01 -1.326502593435691768e+00 -5.051588612342629986e-02 -1.251256538998686718e+00 1.434125005881832678e-02 5.216050765032481662e-01 1.780149295840866746e-03
-1.117567554742406877e-01 -4.790687762744669231e-01 2.222544599085118644e-01 -7.504821522927317412e-01 -4.051743777314427142e-01 3.473852480410097865e-01 -9.216372848973247711e-01 -6.222157188378484305e-01 -3.969318595125129190e-01 -7.757736165289582653e-01 -2.888440750136531121e-01 -4.920588962843573944e-01
2.422668134215509306e-01 1.047301758096502583e-01 2.537060471391627270e-01 4.951935502910352893e-01 2.833944407999714477e-01 2.727963754183393430e-01 -7.858807377475868217e-01 1.026768746512249253e+00 -1.015551906108458080e-01 -2.006647808964351076e-01 7.182633628178178298e-02 3.728926515863479896e-01
-9.030552622586119904e-01 -5.863159233762038625e-02 6.343954202604283887e-01 1.545938133269571857e+00 1.748618957023722331e-01 -1.643772385507415335e+00 -1.834808751216863820e+00 8.782011510295785472e-02 2.143286857605170681e+00 7.851163108160560400e-01 -4.581004484970536139e-01 -2.061014613073165247e+00
1.014849298184514748e-01 2.535175138233417558e-01 7.596782903396273046e-01 9.497505404981516630e-01 3.472610963618471547e-01 -8.174208590554157827e-02 -8.417875699537405998e-01 -3.325329292970015393e-02 7.415663649145642911e-01 -1.462651336359592991e+00 3.487274239771310791e-01 2.399931301120023508e-01
6.009290818369241727e-01 3.087607838299445406e-01 9.967926754529370104e-02 1.914174760249491181e+00 3.388060972660605352e-01 -1.355585736687187071e+00 -2.079407024281021865e+00 1.969356545626930854e+00 2.338608681866160666e+00 2.100634996455267967e+00 -1.245518101589517812e+00 -2.053763842289447972e+00
2.252146761568432076e+00 -1.144421534540292162e+00 5.521579867177330847e-01 -3.273042644032642667e-01 -1.381853710346049313e+00 1.370587949846997944e+00 -6.373544418169796444e-01 -2.470439406048746400e-01 -1.473354577815123578e+00 8.325974676030016841e-01 1.529761361272869991e-01 1.596841012396422732e-01
-1.319446783132007361e+00 2.315957343247318612e+00 -1.803673889034672406e+00 3.957974051758432477e-02 1.934482147391905604e+00 -1.751382114526308209e+00 2.067578866793027270e+00 -8.089715782648416731e-01 1.221160578126159413e+00 -1.284512123073516587e+00 -9.376769949917596048e-01 -5.681069358503745316e-03
7.020592561088144778e-01 -3.841333448158905650e-01 3.514054898309886821e-01 3.402463449960086983e-01 -5.983557772782608364e-01 7.281538973210981147e-02 7.818204294713382296e-01 4.825765263756599116e-03 -3.833013543482518409e-02 3.013305192682042555e-01 9.148505075066292180e-01 1.206310024855525409e+00
-1.944925308384603813e-01 1.821171263176434019e-01 -8.895814731350464299e-01 -1.283669596624056108e+00 2.891239994193788854e-01 7.196761687244476180e-01 2.019315799455253524e-01 1.238963593426116172e-01 -6.177878586356695401e-01 -9.195602243356084671e-01 -3.793154823151917432e-01 -8.655147934782451147e-01
5.129123455850163049e-01 4.864088629362877114e-01 -5.748887004615117480e-01 9.823603561773273096e-01 7.985887146452455565e-02 -1.172660272035406237e+00 -9.590535983197042702e-01 6.271525049881114811e-01 5.976700557424040605e-01 8.782372976993969571e-01 -5.397801340396783942e-01 -4.120540981894637578e-01
-1.316631169195293216e+00 1.224049081469072320e+00 -1.062820310052186912e+00 -3.728561156524319853e-01 1.175668478019622931e+00 -1.809513852891697916e-01 -7.660956856682882288e-02 -8.572714860232346634e-01 8.175210626999475094e-01 -4.765797733325493613e-01 -1.277702977807096296e+00 9.759126217443043760e-01
-3.389571194613635874e-02 1.072418684168051195e+00 -8.034841785900543876e-01 -1.138002980265525821e+00 8.425409552129340396e-01 1.603608142712071860e-01 1.040813284616742385e+00 1.738011806187505170e+00 2.863485521991145366e-01 -1.837938220053209726e+00 -1.116487079447463282e+00 4.315993169602478918e-01
-8.159054232943465657e-01 -1.323041318350551554e-01 1.219674487257544016e+00 1.971868107782255963e+00 -7.121404204343237399e-02 -1.595731488709906998e+00 -1.733378289523234139e+00 -2.650908720482381131e-01 5.733944913395679910e-01 3.960117895082942430e-01 -2.156705894443466942e-01 -9.344055195522064095e-01
3.082256577719570401e-01 -1.274450702586605200e+00 8.653500077629118215e-01 1.795922482320988778e-01 -1.052125901800652574e+00 1.253453184124805608e-01 -7.104732022104871536e-01 -1.473697746022259114e+00 -4.877901512949722185e-01 4.236081971514256694e-01 1.906154364032663640e-01 -9.873729623722132462e-03
-9.964064669877663594e-01 1.152654276676579714e+00 -1.131936803653937756e-01 1.770242891660765761e+00 1.033912952689209019e+00 -2.304112250534657402e+00 -1.117202727497434323e+00 2.298468499665753118e-01 2.028649731849076598e+00 -3.195378178704994521e-01 -1.356175157905191497e+00 -1.971890734787665300e+00
-8.782779968524140335e-01 1.052455036214743567e+00 -2.187681025044422300e-01 -5.281603897398959857e-01 8.630981535105783919e-01 -1.478062455397482697e-02 2.641867942527520441e-01 -6.474494945844833094e-01 3.280395189836582404e-01 -1.252901282430560481e-01 -3.539382702315773122e-01 -1.069474950365492116e+00
9.674449438794119338e-02 5.592710379692419354e-01 -1.149573303253135892e+00 -9.228027488912546872e-01 5.137751807172348251e-01 6.673506476480403071e-01 5.047521830451645597e-01 1.084505710548053115e+00 -1.346516847019916252e-01 -1.732942882885877278e+00 -7.464075133473800916e-01 -4.565319944005277741e-02
1.247928524755063384e-01 -3.959020699314074743e-01 1.506076738404198145e-01 -2.753438364129115468e-01 -3.039542848608061676e-01 6.293013800937081736e-01 7.063165672225948377e-01 5.437941864027012739e-01 -3.441705353908293130e-01 -2.996596375907472076e-01 1.728242412186729166e-02 -1.792824733002731652e-01
-9.314744238943443166e-01 1.097782881459622439e+00 -1.644965516374126802e+00 5.872941025079296828e-01 1.157275072377025760e+00 8.179305191972821576e-02 6.037910695298057684e-01 -6.354211952673830544e-01 5.046168512313173871e-01 -1.159253354245792123e+00 -1.513610621946759327e-01 2.123585799461376489e+00
1.934952064897514368e-01 -1.997185591794466142e-01 9.449208341813518652e-01 5.657971130919186020e-01 1.248429387345723479e-01 9.856792317492384381e-01 1.086045265352864053e+00 1.387252232982530975e+00 -3.814720074288713986e-02 -2.156486005211745716e-01 4.546132150365171654e-02 4.841878597658969552e-01
-3.130166141071394348e-01 -3.470837602340386963e-01 1.556841077508930749e+00 7.890191081725060895e-01 -1.642209448949142128e-02 -7.060015281640197315e-02 8.796855334584351149e-02 5.172840378635698011e-01 6.322366364330094246e-01 6.104017509843223666e-01 4.126383774395740445e-01 -5.218857639638776469e-01
2.917867865905533709e+00 -1.690929387279276330e+00 -1.641342690611693467e-01 -5.436041471279645654e-01 -1.789461111485060485e+00 1.635141798181358075e+00 -1.419641528880896342e+00 -3.627749925839218736e-01 -1.408215896790790511e+00 2.413233701521864116e+00 3.004202241023516662e-04 -4.279993999369623436e-01
1.598535555916532624e+00 -1.628777084363289551e-01 -7.604757615828737771e-01 -1.376099025195025138e+00 -3.018818222591224121e-01 1.388392383500291594e+00 -2.585544828952038854e-01 1.202067295077826475e-01 -1.379725581671109813e+00 -2.796973998125472094e-01 1.461375053002176849e-01 -2.617387417592665355e-01
-8.683425606917200001e-01 8.250082616565258542e-01 -4.776934779467348346e-01 1.836995710375277424e+00 8.424586088995911215e-01 -2.230756615166738399e+00 -2.111974451439506684e+00 -4.729352078103483126e-01 2.064043144434249744e+00 -5.119663788787044423e-01 -1.052681984575242202e+00 -2.380556864503321268e+00
1.110859383604339223e+00 -1.273437014065877726e+00 1.458785186552632229e+00 1.269197784688886055e-01 -1.049724995455363130e+00 1.659103221761331071e+00 9.668888899418668359e-01 -2.153120074411914164e-01 -1.238406476418894675e+00 1.461639616459116331e+00 1.431133252383750998e+00 6.024475261489536937e-01
1.813797335337701044e+00 -9.685828956414422874e-01 8.585650347677545868e-01 -1.852175429290826569e-01 -1.538071738934959409e+00 8.317974564843578777e-01 2.296313521642600608e-01 -5.032808969617807993e-01 -1.593627991345216266e+00 6.535730215529091947e-01 6.614930860884260522e-01 2.516462632950590694e-01
-1.739642269292145826e+00 1.797512480007846580e+00 -1.383142275426063827e+00 -8.767603521799059996e-01 1.665771896014055953e+00 -9.127545732137776202e-01 1.707376528188863096e+00 5.238134591408821761e-01 1.122419520441888752e+00 -1.838807075169229366e+00 -8.750056763957152484e-01 -5.722754974371042636e-01
1.075121535195305178e+00 -5.633708566248334382e-01 1.595681780063424871e-01 -2.630743853517900077e-01 -7.918205553067221292e-01 5.812390800940047120e-01 -4.003009357089930553e-01 -9.981404062646458131e-02 -1.186573480309754514e+00 3.348520643973238453e-01 6.906469419103071772e-01 5.174104502117965465e-01
-4.507766149970355851e-01 1.554946417188302288e+00 -1.080815786669280243e+00 8.654186359218255520e-01 1.418024831778880168e+00 -1.182607622378085477e+00 1.052892498757017181e+00 8.777354842365171494e-01 1.686700606520233459e+00 5.320690609134283156e-01 -9.337919212460463747e-01 -1.960640314531587880e-01
-6.184812830109078785e-01 -6.234141131348752696e-01 1.286500457265045361e+00 1.053120350242530368e+00 -5.081561153487799132e-01 -6.330888284489254447e-01 -1.000745824947058688e-01 3.503142723368198874e-01 -1.541542491246269443e-02 7.480460148404632914e-01 2.779185340233493728e-01 -8.235507458782042045e-01
1.967248752662771993e+00 -8.163216860310447132e-01 5.175645515676664116e-02 -2.961570908786128054e-01 -1.455914577767303930e+00 4.025874993340019525e-01 -2.499791111178189529e-01 -5.788513348570185901e-02 -1.707794735376088502e+00 7.197463947980400345e-01 8.213252184360723129e-01 8.204130356952903380e-01
1.449997933618740298e+00 -8.238388530939869669e-01 1.270292022830883383e+00 1.748734038209776021e-01 -8.510783492523600613e-02 1.984609699694901419e+00 -7.503576688418974738e-01 1.996916727869336272e+00 -4.790581078007789539e-01 -9.887846917971976346e-01 -2.201039575338943621e-01 9.439815829768087863e-01
-4.155358051910720274e-01 1.565988321156128293e+00 -1.428479052834871865e+00 2.086610755591177674e-02 1.156604343336504526e+00 -1.480990931238326480e+00 7.630693413831911576e-01 -4.360423280416215741e-01 5.068096107943613760e-01 -6.071610671051432817e-01 -4.947712701461176033e-01 3.903170865598099004e-01
3.148379206011544529e-01 -5.549595190883547247e-01 2.372035887914326069e-01 -3.105584937519579314e-01 -3.359486588372180838e-01 7.140360044714237908e-01 1.278581502047637652e-01 5.560922406491333181e-01 -4.368078789751476676e-01 -2.637940998968740236e-01 -3.583091162817476222e-02 -1.330541275271537038e-01
1.383916463759245374e+00 -8.896073508309690903e-01 3.812164323291875045e-01 1.591406400868618232e-01 -1.095891747704147656e+00 7.183807633575322038e-01 2.650706410619700359e-01 3.471485723395864031e-01 -1.137330378005422693e+00 1.204622320779089595e+00 6.835630572707040997e-01 4.522947723742228310e-01
3.063333901516260838e-01 1.041513129172207952e+00 -1.005061150111162371e+00 -1.472525215712851443e+00 8.235872427606870660e-01 7.748343259359575796e-01 -1.544528788515722617e+00 2.346512881431183306e+00 -7.638163431295963424e-01 -5.052888836565375685e-01 -6.901923177978253054e-01 1.171427502258142850e+00
1.213586571866465347e+00 -1.585197258175654156e+00 7.896529682204590506e-01 -3.866649300116203336e-01 -1.761366990304209290e+00 7.123534383516105795e-01 -3.613090239934751979e-01 -1.400397957976801333e+00 -1.011007847186757624e+00 1.838640436662848376e+00 1.151601580518593737e+00 4.397898787447351299e-01
-5.077927211067934099e-01 -4.578107969603318894e-01 5.644456387875737002e-01 -9.269459356282298002e-01 -1.204309840191639253e-01 7.784082526886967335e-01 6.369062177589214224e-01 6.272351080337119633e-01 -2.839446853429885564e-01 -1.059126754443059593e+00 1.761903344609779265e-01 -5.371466696942520658e-01
-1.193186285425343662e+00 9.356144166822402131e-01 -1.121924576584391042e+00 -1.007904268763643696e+00 9.853106707930293640e-01 1.923668387893035792e-01 -8.056675783145204051e-01 -9.012380227694520574e-02 8.676479166540452814e-01 -2.147641687282546841e-01 -2.148078634337531323e+00 1.303706436415046077e-01
-6.780525539296162751e-01 5.852296878720931739e-01 -3.116910804543165936e-01 2.310665886243871148e-01 7.088373191990646749e-01 -4.035369247592032194e-01 7.963117376194120967e-01 1.233693561350485801e+00 1.606326057628776616e-01 -1.450310504922404986e+00 3.484002155637007103e-01 1.895587830410040198e+00
8.269744851867710800e-01 -8.155076915161718620e-01 2.578679201924832243e-01 -6.564965290508287810e-01 -1.047629671371377524e+00 6.110391675697561809e-01 4.492871684795884946e-01 -2.750430070262807614e-01 -1.014720869080104837e+00 2.492538850618616075e-01 7.262747573982027971e-01 3.735302244254908866e-01
-6.207162204450334952e-01 1.095459938341688977e+00 -5.708732004023018280e-01 -1.670817629552239669e+00 8.704662928782268549e-01 5.894878616776128011e-01 1.654166997115817050e+00 3.159447481367622657e-01 4.080495118072647448e-02 -1.057351121670800920e+00 1.865287729256044080e-01 -1.698360243102236544e-01
4.814473957727782860e-01 -7.933711084400610902e-01 8.891382577794054720e-01 1.097872909879399783e+00 -5.514421088970236084e-01 2.190134703609477318e-01 7.182908857013522441e-01 -1.982224718023965493e-01 1.064157189335761755e+00 1.765876881937915366e+00 5.614476817634340700e-01 8.967561871707422361e-01
-6.663371016146412140e-01 1.033658860076877906e+00 3.238208700337297935e-03 1.377489886806166020e+00 9.050391664718798745e-01 -1.793135397159800304e+00 -1.572370965731025860e-01 2.366143785724802662e+00 1.436147516587421125e+00 -1.842652278400776611e+00 -1.212689022553652629e+00 6.260965717552762211e-01
-1.024286035906036174e+00 9.987860552934759717e-01 -2.069352113140835170e-01 -7.547562484917813563e-01 9.409921438828938722e-01 2.680335779001248864e-01 1.049690294364959087e+00 -1.066874188167836052e-01 2.597950417735067630e-01 -1.270113792625759297e+00 3.357313552183158190e-01 -2.033281041065977679e-01
3.133158972385859942e-01 -9.431592023754645782e-01 9.330174315888514203e-01 -7.445314735677184270e-01 -1.523096027766770888e+00 1.465794580726774952e-02 1.697557976758242493e+00 -6.712683184529700808e-01 -1.661422900199197583e+00 -1.003537736581974427e+00 1.334907291305759802e+00 7.088039977342903697e-01
1.536777571263890030e+00 -1.720653066412800802e+00 6.530617423616965622e-01 -3.512846084237737920e-01 -1.568205402639782475e+00 1.815687053659971850e+00 3.924751655915835191e-01 -9.531329018466474512e-01 -1.333317577911620422e+00 2.550562722782505176e+00 9.549842727252199071e-01 -4.934704511015898243e-01
-4.174084006912178735e-01 2.390296700604454538e-01 4.913552854949134741e-01 4.389051591316203704e-01 3.112452817114944384e-02 -1.419121121358332127e-01 1.074462994116589382e-01 -1.175936532005959823e+00 4.578665489790996745e-01 -5.149146380544487034e-01 1.727012089692620211e+00 9.266205306760171012e-02
8.539162255067829221e-01 -7.591661748213531791e-01 -6.326161588299631378e-01 -1.154770182041585658e+00 -5.738019035246056943e-01 1.402206264489363141e+00 4.483222390231935139e-01 6.866437208950740834e-01 -4.677656995784680860e-01 -2.968761586138992659e-01 -5.816915619424609663e-01 -7.669366340450869401e-01
-3.324987443792568054e-01 -4.421051046015962438e-01 9.932078435951624540e-01 -1.269619446003127372e-01 -4.509635287819287464e-01 7.139257383141578428e-02 3.980514683891465677e-01 -1.668644646208286564e-01 -2.884156807058486094e-01 -4.712725963414414188e-01 8.228465477735795730e-01 -5.646919307272256494e-02
6.057072519143491540e-01 -3.152156870328635119e-01 8.943789746742906166e-01 1.425837443331467780e+00 -1.394626535230045206e-01 -6.439494842717771173e-01 -1.242499553709151217e+00 9.531412827540420851e-01 1.004996943636327078e+00 1.138581840693952296e+00 2.966304828377803182e-01 5.666356577592431831e-01
-7.083832456591920845e-01 -3.262366632137193856e-02 9.924775328804016361e-01 -5.012909230059765520e-01 2.430651405160695611e-01 6.723296796261291064e-01 4.766211026693242120e-02 -1.692646405948063093e-01 -2.800401610395737984e-01 -4.963146631993475832e-01 9.981461077523736680e-01 2.722656815819084544e-02
-6.089028782489050995e-01 -1.429424970205468888e-02 7.537406220302487192e-01 3.943675423734250285e-01 1.639413427253984257e-01 -4.072697256700299473e-01 -2.010797395482613603e-01 -5.825302591513932260e-01 6.827219874476223582e-01 -1.562290110352035466e+00 7.004636846202793032e-01 -9.703193209476518311e-01
-6.444568799378965762e-01 6.724184790874744300e-01 2.222726003975835363e-01 1.161349819229791747e+00 9.399332441086396539e-01 -9.444722187982328154e-02 8.757232786457521678e-01 1.998168391025570756e+00 1.310065055527578570e+00 2.797644642436276641e-01 2.647400155850694881e-01 9.174022158457866283e-01
8.109689133178679676e-02 -5.689296235488230380e-01 1.652698294970202930e+00 3.578502372615939287e-01 -4.178707966917302175e-01 9.046634982850848550e-01 4.335926993883218450e-01 -2.382672496962917330e-01 -1.263375568758874912e-01 4.588068627384191411e-01 1.187704437241860811e+00 4.731457613489983838e-01
-5.279419500584009439e-01 -1.743329405693507250e-01 7.712603131087988340e-01 -6.322526979469123010e-01 2.432878235558696700e-01 6.736439795445107181e-01 5.648437463292619309e-01 1.263587869449189494e-01 -9.994309600308766139e-01 -1.296123732671070616e+00 6.449160192877620990e-01 -6.024389838691278642e-01
1.411790045541010952e-01 2.238528556010328796e-01 -5.238010337887261982e-03 1.468355734140076141e+00 3.999331840765529833e-01 -8.963817274897531995e-01 -1.935932598710291996e+00 4.314587276713430231e-01 1.341552885858322774e+00 4.810241011174174464e-01 -1.083975039326180001e+00 -1.300967258419596595e+00
1.588445376008635890e+00 -1.542708772329250744e+00 1.246585844214292305e+00 9.532164225986387851e-02 -1.515417698844191197e+00 1.440591073568841862e+00 8.248254653317221852e-01 -1.793947030438698964e-01 -1.214145757664502501e+00 1.900179760428353903e+00 1.589155425940842470e+00 1.208573664376121126e+00
-1.541078533169557840e-01 -7.540189233047884798e-01 7.604644928840811335e-01 7.958868842791908538e-01 -5.516953395998714926e-01 -5.394411651560679921e-01 -1.522263929710380992e-01 -1.687345630778718686e+00 2.401808440526275179e-01 3.830433700866493485e-01 8.343537992482067400e-01 -5.516472503755075890e-02
1.078362576689821106e-01 -5.979319184304798807e-01 1.652412362655764355e-01 -3.473728832963136615e-01 -3.407851619441897295e-01 9.405208473504428346e-01 7.552303661399748513e-01 4.807106511624398837e-01 -7.049182671517373322e-01 7.018902099025831065e-01 6.005501666804889949e-01 -6.700835884932788700e-01
-9.214542449995624107e-01 5.881973822696493492e-01 -9.023687222349741077e-02 1.547327402431054377e+00 8.070649746460487606e-01 -1.606516923713263489e+00 -1.285489896352408401e+00 -1.206997189263444847e-01 1.058659456832395263e+00 -4.634873471768872766e-01 -9.971676649939962278e-01 -4.539917878496668169e-01
4.953620919654688759e-01 1.417648923882432743e-01 5.658730201859859532e-01 1.791496631453145749e+00 3.410934043221975354e-01 3.802775086446782415e-01 -1.115464089171057660e+00 -1.384483485593785090e+00 9.235029314286342661e-01 4.224612350203312827e-01 9.852620350172642816e-01 1.075436746421135181e+00
-2.531892718560399200e-02 -5.763664318723422664e-01 1.057036717828660155e+00 -4.864977956310737595e-01 -4.134971962169454174e-01 2.604896901143484156e-01 -1.015827030707990186e+00 -1.204008263215800151e-01 -8.735512349843667090e-01 -1.073991184591706283e+00 7.998467348947223554e-01 2.307135694957995198e-01
1.722256933656443889e-01 6.344464996776904009e-01 -2.885277024304024884e-01 -7.420952089949067743e-01 5.447942918167653081e-01 5.274234534076618353e-01 1.904742663853453422e-01 1.278557970666029719e+00 -1.019054747152462748e-01 -8.031242867594248214e-01 -4.311978062657465527e-01 -4.112769713398624349e-02
-1.927882329863600086e+00 1.999421214152044657e+00 -1.992968777631899835e+00 -3.612926919857284980e-01 2.254175912568498141e+00 -3.377714465946612510e+00 -2.039490569781397422e+00 1.633663543337788848e+00 7.222463735729015566e-01 1.535879484219954794e+00 -3.521147825001550213e+00 -2.712085996727165771e+00
-7.413149060762916909e-01 2.319755873279102598e+00 -1.954526037743911981e+00 -1.847562253157781109e+00 2.119304608343565821e+00 -9.305429649941111547e-01 9.861047353225239620e-01 2.397019759633548242e-01 -3.883696530159089777e-01 4.323265840718629183e-01 -3.606747785929131228e-02 1.977423757537314808e+00
4.451897868407210246e-01 -4.341020494600160151e-01 -6.317185652221189995e-01 -7.502761094220080640e-01 -2.608940086001390601e-01 6.055760167949926220e-01 3.530292040574108947e-01 1.124839793024294821e+00 -5.179205649143158174e-01 -6.300526421584622394e-01 -1.842835461638718808e-01 -2.868371411646289948e-01
-3.947761186145289369e-01 -5.463911768120607304e-01 1.242589267324715890e-01 -1.618099272792530574e-01 -1.431541915428365397e-01 6.724973301333168063e-01 1.043430772068679513e+00 8.399259107502615729e-01 -4.553994027374942966e-01 -4.151727198095527815e-01 4.660880355113613538e-01 1.270170441609805301e-01
-9.788422822636896892e-02 2.016810997511640779e-02 1.569015029879696765e+00 7.779338200260060843e-01 1.181982832481192625e-01 4.496451745840824854e-01 1.024222572013813837e+00 9.314830707344047278e-01 1.801785796649502391e-01 1.768132824917666712e-01 7.672728533038252197e-01 1.942497501764671175e-01
-8.982659490581778039e-01 6.257829241520614094e-02 9.080892498371494481e-01 1.711929646523234316e+00 3.671103631004283274e-01 -1.782563739273415937e+00 -2.151882501203348674e+00 -5.050447255237076050e-01 2.048502909108516068e+00 2.075399183858357699e-02 -1.303476729934327727e+00 -3.193694511508359479e+00
5.720832682575920369e-01 -1.869647783204945624e+00 3.286553343926887916e-01 -1.267341838138946519e+00 -1.868224531101156050e+00 6.316643270112441977e-01 -5.205763547089220511e-01 -1.650486018240185038e+00 -1.539147713093132364e+00 1.161368959905262788e+00 6.911805333663656459e-01 -1.471335586934692019e+00
4.432465150859379865e-01 5.846499009053377494e-01 -1.057538475147371537e-01 7.561413675747856722e-01 3.444711885603014556e-01 -5.006136442356308169e-01 -1.522010585454889042e-01 3.800224456327523370e-01 1.325040495210078273e+00 -4.825264104160974232e-02 4.483536781934525095e-01 2.757064288546169917e-01
1.183136502651527117e-01 -1.733489667616435304e+00 6.518785415347758683e-01 -1.097406884785694370e+00 -2.034199886784904709e+00 -1.428472618039986208e-01 -2.035417879863816726e-01 -1.996819443572897423e+00 -1.194064124976079277e+00 1.409192300175169943e-01 1.936585258863116055e-01 -8.564906793333814106e-01
-1.147453078746130339e+00 4.401854454317743470e-01 -4.989795153847235709e-01 -9.437814780324426112e-01 7.477072726074998066e-01 6.940641172784740576e-01 1.791584356360624186e+00 9.299921046283915471e-01 1.221810559585173421e-02 -1.463827593321657128e+00 2.501833996407383798e-01 2.688636359631037531e-01
2.764378444572391791e-01 -1.846716038292373296e+00 8.271759080099051753e-02 -1.473189390347189764e+00 -1.902685799657765298e+00 4.154696514026314236e-01 -3.648574377519883671e-01 -1.780593969081651018e+00 -1.311489397248729150e+00 5.874629527036329124e-01 3.009868975360742785e-02 -1.767490460582202605e+00
7.979735850342268844e-01 4.040547263217051932e-01 -5.511498712866167438e-01 2.609439609911016200e-01 3.686171714079473638e-01 9.046954080126731190e-01 5.770041511958260566e-02 1.889859563836487677e+00 4.598149911781486132e-01 2.405863764930808446e-01 2.047276127781696986e-02 1.435810366796570481e+00
-2.506970234486265992e-01 1.332653277659201496e+00 -5.486721624735726444e-01 1.795118574940530287e+00 1.369324796305476655e+00 -1.528382589168631123e+00 -1.043705711523363222e+00 5.599257413075566792e-01 1.620711006177390612e+00 -4.718105849301634236e-01 -1.529502517435189946e+00 -1.771607214505902528e-01
2.702022273681363718e-01 1.212423969955513270e+00 -8.575814502921815796e-01 1.099791314882212712e+00 1.135527564920148169e+00 2.562005357894407975e-01 1.839072738172015997e+00 1.911202582562353980e+00 1.051905480056288145e+00 5.455770928683212340e-01 -8.642265828241096903e-01 1.032465671027816168e+00
-5.011829324515093553e-01 -5.363488619734977370e-01 -4.557087421486560319e-01 -9.873081834935214518e-01 -2.952636161260875358e-01 3.369774018772730417e-01 9.144462937490142884e-02 3.422943192479038776e-01 -3.956994549774932313e-02 -7.039320621629933106e-01 -7.144452861515659947e-01 -1.389011866603115708e+00
-1.562164934922460224e+00 -8.583864022267796434e-01 6.521565428426968625e-01 -4.059709692960102867e-01 -2.309064041699679659e-01 5.192042370547885755e-01 1.019241264370619016e+00 -4.508260519707799063e-01 1.148726569559921189e-02 -2.892746498364123439e-02 3.932164637518110184e-01 -1.188595665044656968e+00
-5.336650072903246222e-01 -1.211611780983775866e+00 -3.851562412865442986e-01 -1.844629449572427360e+00 -1.142088686790678542e+00 -8.925383715124834971e-02 -8.596787584778463609e-01 -1.295955482166885941e+00 -1.345810946386566620e+00 -9.843341553695899027e-01 -3.644229639753854277e-01 -2.401231942717538814e+00
2.815360602630639364e-01 2.100149036436026462e-01 -4.245010093501042081e-02 7.192094815872710489e-01 7.974250017025055759e-02 2.173515209206919666e-02 8.094913311967550928e-01 1.096281145409031099e+00 3.351917914123478393e-01 7.631176377426174273e-01 4.545917164174202996e-01 7.900903624481282472e-01
1.598373045886314070e-01 -1.578233129081879182e+00 9.740069162037811035e-01 -8.054166242309449553e-01 -1.619053217373601194e+00 4.065401064673742071e-01 4.648772359370362817e-01 -1.148577777903398767e+00 -9.727536217412180441e-01 5.847397544914066936e-01 1.120063120864607908e+00 -2.587497787321529352e-01
-1.937984328310095705e+00 -2.869886701840543841e-01 5.317431884251290208e-01 -2.210828080956897534e-02 1.007798064203708210e-01 -1.370804670763704491e+00 -8.975513063652404977e-01 -9.402401868122278739e-01 1.106028435706594593e+00 -4.242436000308021371e-01 -3.534790506569649438e-01 -2.207753308446958052e+00
1.051385795270729950e+00 4.915160126159758697e-02 5.196814250653191553e-02 -4.399009970718045226e-01 1.841852420252090006e-01 1.105388553377752325e+00 -6.037508305975124445e-01 1.220750945499351703e+00 -3.608686947757694385e-01 -3.981276157817264516e-01 2.331952605020243541e-01 6.794155551061331622e-01
-1.877584454621329613e+00 -4.915106175096243257e-01 5.866242531107416225e-01 1.993715439782859089e-01 -4.358793760891556054e-03 -8.695774582899974403e-01 -8.770896583578957628e-02 -1.244808618692610835e+00 1.222155994875037344e+00 -3.698631444305908178e-01 6.376935534969546682e-01 -1.933712431361717776e+00
5.315189389625211147e-01 1.600799374261122621e+00 -1.900501742042326248e+00 3.994173984820100637e-02 1.054555921244035410e+00 -1.086769038165760586e-02 8.358336236939791775e-01 2.133179958363979334e-01 1.501856265985626604e-01 -1.775288767445931393e-01 -1.205343611191520975e-01 1.832598059619629405e+00
1.446598671052220508e+00 -3.895030960770897166e-01 -1.917511899760066807e-01 3.063690330960013863e-01 -2.488533243298776676e-01 1.154226552085997337e+00 -2.718845966447409057e-01 1.552019955157387665e+00 2.471139132094240798e-01 1.470603059541623292e+00 9.356319114109744317e-02 9.971281304222711084e-01
-1.580976229328216576e+00 8.012126811213946542e-01 -1.414288988105603329e+00 4.526984238595724297e-02 5.204105742671725210e-01 -1.975365874761338292e+00 -2.250015340155218924e-01 -4.694445127421660868e-01 9.105191206971743334e-01 -6.955332157719515962e-01 -7.323897616762021778e-01 -1.140117777032527924e+00
-2.628711053276737153e-01 -1.843154674899708967e+00 1.174809538972503731e+00 -9.244715580646305497e-01 -1.865420467951951045e+00 4.420209441337960010e-01 4.235553578418127518e-01 -2.215807537129981686e+00 -9.829447634741417250e-01 1.757587647213170845e+00 1.379998440852191699e+00 -9.892436341337809136e-01
6.908256439534211646e-01 8.960327176415958661e-01 -1.270874300264780210e+00 -1.333814670963285043e-01 6.602769522265278246e-01 1.346198817201793296e-01 5.714948187810119373e-01 7.564465425127288034e-01 -1.654983838134330143e-01 -2.304198382104033146e-02 -3.004644443474872584e-01 9.127028144758785322e-01
6.691635544935495838e-01 5.946211552505754616e-01 -3.608410654356715153e-01 5.925364203771145144e-01 5.605830495398511637e-01 4.431981971392040531e-01 3.248239722100144111e-01 2.539530801716563424e+00 -3.884913619843612387e-01 -1.178215240983738088e+00 -3.100020340384253559e-01 2.253563070459422946e+00
-2.088169886630316441e+00 1.290759164695740147e+00 -1.845837456157986223e+00 -1.487411997088506244e+00 1.399899125588158322e+00 -5.915897688746402094e-01 -2.107515210573280284e-01 -1.411711971664308063e+00 8.646426842597083606e-01 -3.831996672573023677e-01 -2.057334105595275631e+00 -7.326636252133318650e-02
-8.424341564709347807e-01 -4.160171207043543706e-01 -7.250297829842095032e-01 -1.383952955793672723e+00 -3.314959062683916491e-01 -1.595782757650562045e-01 -4.825744262379358385e-01 -9.505931643455113322e-01 -7.290948338406703089e-01 -9.169651418472717364e-01 4.199785333588799130e-01 -7.199379278970021723e-01
-2.222877631996230008e+00 5.651411145700279137e-01 -7.338261226809430493e-01 3.350468090646205321e-01 8.903741600438322967e-01 -5.005358175850569413e-01 8.522772495853457864e-01 -1.523323835399025494e+00 9.761991826402611760e-01 -1.913418404108545134e+00 -2.182655641275736969e-01 -8.740739866772543332e-01
-2.993292125173853055e-02 9.783762930734490881e-01 -3.809731493095189769e-01 1.169528567518465900e+00 1.163634386448241687e+00 1.412306387208999148e+00 1.099904567068188177e+00 1.105225488988722804e-01 1.459643138047985511e+00 6.446225806331686188e-03 1.385371172892113645e-01 1.321214997027546856e+00
1.591945401930366655e-01 1.177044245308979109e+00 -6.214145228084558825e-01 2.980894394150558901e-01 9.812539927441474852e-01 -3.354581549510135541e-01 -1.792384825960073313e-01 1.891692462977757616e+00 8.990772316032523692e-01 -7.158668311839539999e-01 -9.718867602907229619e-01 3.332334316141503106e-01
-4.884332337080757869e-01 2.596356677789716905e+00 -2.400609428691652170e+00 -3.676875725293659025e-01 2.556610064093894685e+00 -2.381446669520614901e+00 1.093609972233926531e+00 -1.448234302398755391e-01 1.130923862136994584e+00 1.359212834872492337e+00 -2.202525786408999764e+00 -4.953028082018119949e-01
4.683879831782464254e-01 -1.676929744242278808e+00 6.999064069141516242e-01 -1.221202669793532758e+00 -2.017846765838338108e+00 2.486936207987194558e-01 4.594818625065150153e-02 -1.523481493185008029e+00 -1.414661997685344730e+00 8.166621829792944376e-02 1.998690894487635261e-01 -1.084299050977447942e+00
-1.384710953008982282e+00 -2.666674628822350290e-01 -2.190371965910577756e-01 -4.739963026773887367e-01 3.458604653782099136e-01 1.979878553161738830e-01 1.875865175326755674e+00 1.970428475290521897e+00 2.232993240528781953e-01 -2.012335404987139142e+00 -7.780028199840076653e-01 -1.453284147564369633e+00
6.000673184153635376e-01 1.062270149226264282e+00 -2.082043524418827563e+00 -1.643058923717652942e-01 4.699913507595704920e-01 -2.389429522974789999e-01 -4.825073876488879948e-02 -8.546784404929744228e-02 1.073518018896042481e-01 1.411608934498290724e-01 -1.358594054686549091e-01 1.295634189832812533e+00
-9.285320847221960605e-01 -8.025225591229236954e-01 2.688924908334771047e-01 -1.085455208799513294e+00 -6.672864263087270320e-01 -1.699249485615484945e-01 4.730103295423360721e-01 -3.525474450221533496e-01 -8.578560748430572591e-01 -7.904950358459453819e-01 1.024287688418738185e+00 -6.497111211133009545e-02
7.170150147261877827e-01 -6.578086324971252896e-01 -6.726722819716755009e-01 -1.242172497312216795e+00 -1.041527543827942104e+00 -1.136244147085551867e-02 -9.637173458329478803e-01 -3.594455923806146869e-01 -1.125062287032062791e+00 -3.400528939354781066e-01 4.849300049294991144e-01 3.163592300793530709e-01
3.119900870617902666e-01 -1.677761164125812110e+00 9.842055139522293619e-03 -1.732876185565759730e+00 -2.070697285626124096e+00 -1.297805694341037062e-02 -4.446491039135467838e-01 -2.416724109090823358e+00 -2.162692759559768696e+00 -7.175543669254343948e-01 2.950032865167998009e-01 -1.563390636709844905e+00
-1.492300067089240123e+00 -4.345479992820511783e-01 1.064850375073118360e-01 -1.143592282545192074e+00 -2.937366168773942743e-01 -4.597914651519834778e-02 3.404145352480834052e-01 -8.845302482462816807e-01 -3.417405758405894223e-01 -7.347779223529434800e-01 1.031944096570980296e+00 -1.938596884733804204e-01
-7.633550656438119475e-01 -6.307238234930423459e-01 1.157023735247547924e-01 -6.433166756895773997e-01 -5.512621218580079363e-01 -3.622305411510086670e-01 -7.144020086463087615e-01 -2.060201523035627869e+00 -2.794841855247779394e-01 -1.262659948907858709e+00 1.552748888803680893e+00 -1.362278652496945464e-01
6.081323650038544804e-02 1.087289654695118735e+00 -5.685343910702603809e-01 1.011770379100066730e+00 1.101174735441051267e+00 1.456038957620746421e+00 1.328704195866921012e+00 -8.924631206910863535e-01 6.254560972440710298e-01 -5.651628218068146525e-01 7.429132649575627134e-01 2.290040247362601367e+00
8.018157836716480746e-01 5.427976858593376308e-01 -9.449829650303247508e-01 3.430885453612449454e-01 1.196232338719075833e-01 3.099910594057322388e-01 -1.966841028577446249e-01 9.931533370251227621e-01 2.390156921549448088e-01 8.389575888979373675e-01 1.312774558260968449e-01 1.595785853109823016e+00
2.920821701124927672e-01 5.057718123174134023e-02 6.857009143555832520e-02 9.819228043876471190e-01 5.990047357047034726e-02 -2.573806175950112962e-01 -4.721268508515972795e-01 6.383665530066533478e-01 6.198873714591446316e-01 8.488753157800320581e-01 -7.786278274737626348e-02 -1.959770489287702977e-01
1.097975304741661384e+00 -6.204094838324217820e-01 9.148684816190335578e-01 3.094408337372684392e-01 -5.154554886409881131e-01 1.361590893319071904e+00 -1.273226396981821593e-02 4.290907667488461086e-01 -8.316545112631572312e-02 1.663217576006760456e+00 6.671998965965344475e-01 1.040688015000279520e+00
