1.136607601301323989e+00 -1.126554836095976730e+00 -1.126969715228113733e+00 -8.549920806120034911e-01 9.128695667389897794e-01 9.876562033369842286e-01 9.542711744144207753e-01 -2.608064346256556143e-01 -1.012466463839480246e+00 -1.231675436950248059e+00 4.176478465009885732e-01 6.869684938752539383e-01 6.756388805010461462e-01
-1.259116096422977504e+00 -4.327654454697358322e-01 -4.072556465525614122e-01 -5.694730522207644974e-01 9.647299677972384635e-02 6.604612563680023474e-02 -2.275865092208533558e-01 -9.016442765422104655e-01 -4.377055580418796055e-01 3.723076071051314440e-01 1.325727306792694904e+00 8.613486009897367568e-01 6.568584759304212373e-01
9.123238957599428822e-01 -4.280907612215114136e-03 -1.738422999010908188e-01 -1.441018806557155196e+00 -6.301202733477909712e-01 -4.832489753042547020e-01 -5.743034432932370148e-01 -4.739033859309910723e-01 -3.444756657286505291e-02 -4.561193634036442845e-01 -8.947917540763972166e-01 -4.124805269762394921e-01 -2.442152412851685550e-01
6.853683161394252821e-02 -3.755927845424144595e-01 -3.813633196295136418e-01 -3.246787715171574051e-01 2.728216382348988556e-01 2.364732421212757119e-01 3.019116208620750523e-03 -7.589910491629886513e-01 -6.320817958316116147e-01 -3.943381999780691261e-01 5.592550105274534111e-01 4.655571953158219034e-01 2.947519057960610311e-01
-2.047936056288457984e-01 -3.537764571488747050e-03 9.259932558500608146e-02 3.992936624094519105e-01 4.008147557920338500e-02 -7.888671066394520315e-02 -2.608543675208144230e-01 -6.860717032581866714e-01 -4.913997633988529401e-01 -3.498754427899075092e-01 1.660857741561445888e-01 -6.152086997403273874e-03 -2.170836636632217653e-01
-6.126052112348162604e-01 1.898163962546320360e-01 3.392888976205535312e-01 5.422657569742213024e-01 -2.069592128915365981e-01 -2.989252328512156387e-01 -3.630963944744677319e-01 -3.124435763651674525e-01 -9.414121651341809949e-02 1.343192501909256098e-01 1.891305484440635176e-01 -1.059264216866084851e-01 -1.945996895099545154e-01
1.471690613574708539e+00 -5.045362870318812476e-01 -6.330350599318578242e-01 -1.505669925542479026e+00 -6.616485666359710194e-02 1.867851729939636399e-02 -3.103098817892440686e-01 -1.154829665570930253e+00 -7.442382209467088838e-01 -9.641142199000609647e-01 -3.678766120314245769e-01 8.645531271289871866e-02 9.433884332373769499e-02
-1.319946577837988411e+00 7.392881108672120227e-01 8.010009013125594102e-01 6.084197012940746330e-01 -6.654152973565157225e-01 -7.306169618081855832e-01 -7.075534266253388216e-01 1.707843319757056666e-01 7.691408820298678561e-01 1.323750499300795136e+00 3.271405241185935675e-01 -2.356791556417198452e-01 -3.661736379164087229e-01
1.110159547713523320e+00 -1.000418275919938482e+00 -1.067052070549819875e+00 -9.391311007149488743e-01 8.009695752246948075e-01 8.782438005887273080e-01 8.234942775404228144e-01 -3.934393406917147673e-01 -1.085754205239189529e+00 -1.463947218786442184e+00 1.534864039093275789e-01 5.835310517387688467e-01 6.787229441310379530e-01
9.095164769932324589e-01 -1.568178579397945915e+00 -1.506578374050187685e+00 -9.520611684789750395e-01 1.283540220867683157e+00 1.289948074001546763e+00 1.019718469969129071e+00 -1.057649279921824892e+00 -1.719738274620872032e+00 -1.504773354279931530e+00 1.457355230590781980e+00 1.611676857698616905e+00 1.682922961468184431e+00
1.297264870710749252e-01 -6.415193652997639440e-01 -5.166513108977959234e-01 -2.422576033136908946e-01 3.896343461194811120e-01 3.268807012496097175e-01 7.953193434731228861e-02 -9.185557414655607378e-01 -8.923873674374720455e-01 -5.396705488760885627e-01 8.483641057136851460e-01 6.650157970694475784e-01 5.139032030879253643e-01
1.486333707039144469e+00 -4.806414705892266825e-01 -5.833342747007949081e-01 -1.581556494564515303e+00 -2.730198926388983094e-01 -7.821172287844682658e-02 -1.170425649362649423e-01 -4.911379224628005802e-01 -5.008920681595759872e-01 -8.811262156694326109e-01 -5.121513367414169959e-01 -1.553897525141191283e-01 -9.298212554479637348e-02
2.289020492121504324e-01 -5.505676768189403658e-01 -5.417544512619673069e-01 -4.245636983930664576e-01 3.760371471686606015e-01 3.359573601965162859e-01 9.885096528652372039e-02 -8.939420186203472785e-01 -8.803325168238709253e-01 -5.312769563335065781e-01 7.664087364630413068e-01 5.292101234711499291e-01 2.647995200288291162e-01
-2.764057886678838311e-02 9.373938753262379686e-01 9.541883355138673917e-01 3.057669430698725099e-01 -1.079250848003672436e+00 -1.059076076362891250e+00 -9.413953197363764680e-01 1.934569585358443256e-01 6.769384331083456718e-01 3.238470551349563742e-01 -1.257974308775575034e+00 -1.227204964867196546e+00 -1.185516525560038392e+00
-5.340239707791060164e-01 5.288791298847025368e-01 6.389474109820301173e-01 5.850233390000366684e-01 -5.352684726739412868e-01 -5.866830399444220578e-01 -6.060005138995538942e-01 -2.308330764134886304e-01 4.557083280923979185e-02 -5.789310227987767843e-02 -5.019334360242038162e-01 -6.181231047685910029e-01 -6.591155974249711669e-01
-6.029668753331296482e-01 1.464139489609460831e+00 1.565386357959480002e+00 7.038563163092212971e-01 -1.711399112836982317e+00 -1.739341010752778915e+00 -1.656525959836800954e+00 7.532702372653757306e-02 1.085017290321584893e+00 9.896096227655197808e-01 -1.391321487174147054e+00 -1.726621155176449207e+00 -1.842856069117582818e+00
1.294002643241186912e-01 -6.739740344925174709e-01 -5.918803322568377823e-01 -2.459738911488366653e-01 5.592516952034747302e-01 5.583505263092927162e-01 4.510269627647196522e-01 -4.508285401975985485e-01 -7.550936060543133044e-01 -4.354492210375521810e-01 9.688689716272366192e-01 7.731361422292005736e-01 6.845322019666336688e-01
-2.738993222153396356e-01 9.945038411237283604e-01 1.076397215504038662e+00 4.015710927254623197e-01 -1.181365324497873237e+00 -1.110465972518876354e+00 -8.922149267556974683e-01 4.910047370349126528e-01 8.601672416289164458e-01 3.674630585884183787e-01 -1.390824032945688238e+00 -1.277830565783030004e+00 -1.187488735861317757e+00
-9.135415700771600811e-01 7.580098662596789216e-01 8.194204548684413947e-01 7.800141176232084916e-01 -6.008452138396702669e-01 -7.275067677421568346e-01 -9.048364169367063559e-01 -3.854035328308791919e-01 5.093636860223416107e-01 9.206674311887854678e-01 5.453203524733166163e-02 -1.373528672922893490e-01 -1.000465944028879062e-01
1.199792434832531063e+00 -1.830702373677167483e+00 -1.813722243393958156e+00 -1.553378930033090688e+00 1.317127609370254415e+00 1.394620646829559441e+00 1.074454556435016528e+00 -1.403324553116579887e+00 -2.172776816407024025e+00 -2.216050359008371107e+00 1.186735841625281118e+00 1.569099281080847064e+00 1.632165330676668580e+00
-8.875918246938781231e-02 -2.369879291699119456e-02 4.659485475430791279e-02 1.802469934678819774e-01 5.989967984978817467e-02 8.648884981125140592e-02 2.475726914592678574e-01 5.319034784964149498e-01 2.586224883872414448e-01 5.008947405118362450e-01 4.922067337836231737e-01 1.506994464856180882e-01 1.162024761643751791e-01
7.762919557243032342e-02 -9.395921865395716610e-01 -8.292529886717229237e-01 -3.338088907625494928e-01 8.119636547418652706e-01 8.124257821414935243e-01 7.270560796107788937e-01 -3.952552950819584465e-01 -9.499106637851389978e-01 -7.587985038952026473e-01 9.456957477838840997e-01 8.354990007595866075e-01 7.614602282095680463e-01
-1.276199800792337413e+00 8.945698869344040904e-01 8.644367963187769011e-01 1.021730616580236006e+00 -5.390570733798605296e-01 -6.264936654411762396e-01 -5.264455362299369501e-01 4.169561608432565958e-01 7.950388152079985726e-01 9.460313472653394395e-01 -3.540040998493507174e-01 -6.554996810391823248e-01 -7.172858467642880820e-01
1.310553895848979522e+00 -3.325084395354664379e-01 -5.250492810576339320e-01 -1.690300382227340359e+00 -3.838753855959842198e-01 -1.889018148274582420e-01 -2.724461064180994097e-01 -6.147817828937772733e-01 -4.251069160871078223e-01 -7.677729004868732998e-01 -5.776590278598533468e-01 -1.371229693149836060e-01 1.914430985418510978e-02
8.750861517166347303e-01 -1.570941897572743606e+00 -1.540645231152391492e+00 -1.071968602347489918e+00 1.305284059376810690e+00 1.323795117458351989e+00 1.035884198690173452e+00 -1.076215931936979509e+00 -1.700126728190542114e+00 -1.449606169319945126e+00 1.451525109340588982e+00 1.580771053019632832e+00 1.533904206010471283e+00
4.576335413482092718e-01 -6.236623783578351121e-01 -5.230819911752254692e-01 -3.068095517882196144e-01 4.184122990578988954e-01 4.122227661055649084e-01 3.297151370509734392e-01 -3.450068994113191234e-01 -5.388460940809596256e-01 -7.849017910449519742e-02 1.071516491313271535e+00 7.173826286473430347e-01 5.840133227288338835e-01
1.309600300873469347e+00 -1.240300544086887724e+00 -1.192669111572522755e+00 -5.828217682597873761e-01 1.161677249650148624e+00 1.186112322692768561e+00 1.070170814687996907e+00 -4.576626223312028618e-01 -1.227621012637853948e+00 -1.243712128516819559e+00 8.265024943673126012e-01 9.685202758345832219e-01 8.886954196601625222e-01
1.715874080196075901e+00 -3.747377295787958640e-01 -5.305625451674509385e-01 -1.461395608993558248e+00 -2.732929323993945059e-01 -1.608525614368946088e-01 -3.813369583434107479e-01 -1.077028298565598119e+00 -8.112781802302224676e-01 -1.281208268734971067e+00 -7.101353688065501490e-01 -1.466113485929172178e-01 -3.393096480065176807e-02
1.798525614000894501e+00 -4.945670914185371081e-01 -7.366407441568356695e-01 -1.331511338799026944e+00 2.259321939022210790e-01 2.824813447330111749e-01 4.586390196511465345e-02 -8.809136258022228771e-01 -8.116027923333750671e-01 -1.417825107825917641e+00 -6.825902640197556437e-01 1.891362611277163652e-01 4.047877819946128497e-01
3.825624810127130349e-02 -3.765666729927320822e-02 1.764107003433677545e-01 6.806729682143127791e-01 5.231339757222731868e-02 -1.084419871078897979e-01 -3.084394113212580169e-01 -6.606604058739251606e-01 -3.667853918087572440e-01 7.959151069574199600e-02 6.531215413123034885e-01 2.950074051884948312e-01 1.744690206134554833e-01
-1.624462206910160522e-01 -6.795517918856977535e-02 1.315942254819010560e-01 7.050102828128563814e-01 1.683502282326018173e-01 3.179880241715788564e-02 -1.082309334558739511e-01 -4.751129009088935762e-01 -3.990819934607189867e-01 -2.456769407672997063e-01 2.098810532994449252e-01 5.662494693480968518e-03 -1.772759089619692641e-01
-7.504076576672262799e-01 8.721342969381560284e-01 9.520917492580537322e-01 6.327785258353878506e-01 -9.553693648300025654e-01 -1.024000362877366621e+00 -1.039117051910861012e+00 -1.992529604418727118e-01 4.573801461625975895e-01 4.464796257449297756e-01 -7.516121513478405403e-01 -1.008060657345884570e+00 -1.145112629263968174e+00
-1.723608005072412019e-01 1.006728547429299070e+00 1.129436465665946798e+00 5.724416582095213091e-01 -1.192661647297910354e+00 -1.220169736573002206e+00 -1.197606552023781745e+00 -8.466985911708105328e-02 7.084034451212842809e-01 6.627790463218642403e-01 -9.056023111237068157e-01 -1.076001453041194988e+00 -1.119096421169465616e+00
2.065084365104017383e+00 -8.524240517080421409e-01 -9.357618027553659124e-01 -1.518640111144621274e+00 2.667945768422665398e-01 3.856551981020090447e-01 1.899705747734193040e-01 -8.993125395204817352e-01 -1.041524377421761294e+00 -1.365699101718274022e+00 -1.294933855387610522e-01 3.098078819584693111e-01 3.286462848591554797e-01
-1.246278152151432811e-01 1.108250424635609521e-01 1.833567321030438180e-01 6.454462020462341243e-02 -2.644741178502949541e-01 -2.868560815265241426e-01 -3.281763630346071214e-01 -2.231222960910789477e-01 -7.148036689455022560e-03 1.759345002928756063e-01 9.988185154944434485e-02 -1.419133934460867497e-01 -2.517857397999487823e-01
2.057662618134326937e+00 -7.363847002614152260e-01 -8.505103908134977742e-01 -1.401221134167943694e+00 2.380512189709765303e-01 3.170526485767297675e-01 7.019347514884964612e-02 -1.001251348800541008e+00 -9.885494261803589033e-01 -1.439080846014326509e+00 -3.381711968668655310e-01 3.103643404244368353e-01 4.368895147757049235e-01
-1.303361660756649387e+00 8.233137874193591221e-01 1.040606608470590944e+00 1.226468374352043034e+00 -7.195848857277504784e-01 -8.727166839349228544e-01 -9.116132947935344788e-01 -1.258845970288737237e-01 4.952982236462618038e-01 7.339524507580122981e-01 -2.051365067041367174e-01 -5.625327570266315247e-01 -5.981284239155003624e-01
-4.365772640789652992e-01 1.911196260658268309e-02 1.079239179736233567e-01 2.617234627078486309e-01 6.733865788653092821e-03 -8.017173289020091548e-03 2.617244875447422708e-02 1.025611177545990294e-01 1.985234867266591485e-02 -2.163208464341167397e-02 -2.321347219220674593e-02 -2.928501758425924861e-02 3.385093320746876411e-02
8.713166124102329491e-01 -1.465483626909307724e-01 -8.219346983247315108e-02 -1.931867349280397550e-01 -6.332598331142066939e-02 -5.896994858564075237e-02 -1.676569587556314689e-01 -5.508007422333958125e-01 -5.321720515997526713e-01 -8.908792527907712921e-01 -5.724772803031047408e-01 -3.268922311331343700e-01 -3.426034373108816089e-01
8.828257044039571344e-01 -1.836783508310833313e-01 -1.768239160608685856e-01 -6.276231630896016433e-01 -1.621280055736226133e-01 -1.081419108472549545e-01 -1.991880505272270174e-01 -3.943735005567488017e-01 -2.278024641202429923e-01 -3.441766294921998481e-01 -2.739403552825872001e-01 -1.546434148790392649e-01 -1.941437198777118678e-01
8.480573081739263552e-02 -7.806351938787801092e-01 -6.771422197623468975e-01 -6.027811499327538902e-01 3.853256939302891482e-01 3.642546875835425690e-01 1.107067363697925855e-01 -9.475915951134410431e-01 -8.503944078112266602e-01 -7.451846125550853905e-02 1.584436395775633777e+00 1.121303315944846446e+00 9.552484032069453734e-01
1.477741436294343513e+00 -3.814273217709549524e-01 -5.395905593937687650e-01 -1.293835444414448199e+00 -7.062944738742973905e-02 4.626170872846507159e-02 -6.639870006789108658e-02 -6.393103271238417262e-01 -6.703269414067617449e-01 -1.324643615957101117e+00 -9.152205474236856375e-01 -2.509831074090576597e-01 -1.311669795748948153e-01
4.188119956789675413e-01 2.497874810434822790e-01 1.634335625125011571e-01 -1.541699900469408968e+00 -1.214073202060575563e+00 -9.528513053336163940e-01 -8.463803154937994400e-01 -8.682473539338864121e-02 3.634322973095371889e-01 3.628543049502129247e-01 -4.416051595491262693e-01 -6.154048957005492371e-01 -5.905018725559619819e-01
1.584154736949832110e+00 -5.869498750438920665e-01 -7.372401832823584078e-01 -1.583480983942024967e+00 -5.161545104810218859e-02 1.257354048405291136e-01 5.035599841411596972e-02 -5.146860165494867578e-01 -5.652026361889791461e-01 -9.129032273195984981e-01 -3.596036492169461529e-01 5.776636947374416686e-02 1.361184173308162826e-01
-5.575751292872568321e-01 1.415094425990496008e-01 3.077085039707888048e-01 8.196579038341057499e-01 1.980264145997244832e-02 -1.312684893326706015e-01 -3.570441806157350628e-01 -8.592390470022520654e-01 -6.380678720137934468e-01 -8.691695064550744032e-01 -4.177659104083096264e-01 -2.063062025558648205e-01 -2.111997043624510018e-01
-7.666537178865293622e-01 6.521181566447780131e-01 7.502640844721456537e-01 5.202714901641429801e-01 -6.698914275866951762e-01 -6.885076577941914300e-01 -6.419665520285871008e-01 8.120433760166557990e-02 4.050555272346170743e-01 1.156016809090693875e-01 -9.509203184845539392e-01 -9.411327142539787083e-01 -9.546683458873341799e-01
2.146373888584509337e-01 4.407683465902640929e-01 5.434250446977700877e-01 2.046512373262781848e-01 -6.956053653447523688e-01 -7.304354743188316013e-01 -8.531754003820075649e-01 -6.804504746496071732e-01 -2.031833416013890947e-01 -6.068345816445759322e-01 -1.017122745553945551e+00 -7.857749493368412219e-01 -7.590777210735569769e-01
8.084781490535358772e-01 -7.746934948681580835e-01 -6.122494541295917525e-01 5.306083559864736010e-01 1.123920653329901986e+00 1.069627987437969940e+00 1.196235404588678941e+00 6.652797621920811810e-01 -1.277573315555158018e-01 5.266903109252837334e-01 1.696815654220616754e+00 1.171615874450382400e+00 1.071751249427630670e+00
-6.407039570263241002e-01 1.180435519599139921e-01 4.987353773526199963e-02 3.428808913783665691e-03 -6.257531274157934753e-02 -1.201786022332618775e-01 -2.298731202079024316e-01 -3.052660522830816792e-01 -3.337973481231002598e-02 8.951387264759767814e-02 5.958940063692497180e-02 -1.611888446614120549e-02 -1.499210978986989795e-01
-7.280934869340588422e-01 -2.510275794407955119e-01 -2.649802311160794344e-01 -7.203428042349905303e-01 -1.300112534463475078e-01 -1.144448375485365623e-03 7.120575512463585277e-02 5.674645712257344460e-02 -5.024536953505846087e-02 4.398082029787829528e-03 2.399451923659588204e-01 1.932475256074510095e-01 2.454594461023896224e-01
-3.830933327105991992e-01 -9.279911149045466656e-02 1.185798433554256792e-01 7.931390654466494716e-01 2.227544591734979540e-01 6.887494337288092849e-02 -6.357482011730115901e-02 -3.988122607923124674e-01 -3.293362553850149865e-01 -9.108355298795402233e-02 3.729959704199216630e-01 1.340880993333628257e-01 1.299219941124686974e-03
-4.328856358246115921e-01 3.137676288881963149e-02 1.204138824052928269e-01 2.720758622189297093e-01 7.101608579554303559e-03 -9.157093461393850040e-03 9.262158864414643533e-03 4.521754028116236473e-02 -1.059796411723775908e-02 -2.064002512241977505e-02 -3.923878120372124162e-03 -5.503443710693683294e-02 -3.462296106102632359e-02
5.416594391103164430e-01 -2.783901958403817711e-01 -2.446424549438374341e-01 -7.865084642324111641e-01 -2.365389900550382563e-01 -1.480700938513772602e-01 -1.961800141527848818e-01 -4.184905009589758307e-01 -3.525536127051280277e-01 -3.110539880190703599e-01 1.157895376509172902e-01 5.959086273930336297e-02 7.856224475546873254e-02
5.332234506694907283e-01 -1.277348301951757970e+00 -1.218939551054099013e+00 -9.208270707039718506e-01 9.577301050576657593e-01 1.000092378249622271e+00 8.463560450738589758e-01 -6.565832366238272266e-01 -1.234903739899259945e+00 -9.577219314508028658e-01 1.256140879271911759e+00 1.187804180593432957e+00 1.113947279243449051e+00
-1.545051097919873939e-01 -2.221458777578123878e-01 -3.102935043518756930e-01 -3.444948559601455074e-01 2.861956963815060484e-01 3.107208180752958349e-01 1.114005969816894703e-01 -9.114884318201391666e-01 -1.056396925081093618e+00 -1.264159086915330521e+00 3.569321645924979081e-02 2.969490369997224155e-01 2.671982881656843611e-01
-2.980194544988520322e-01 -4.501179050820897642e-01 -2.706191498819915942e-01 7.173734939931107890e-01 7.788729912412939438e-01 6.105904705276292699e-01 4.256804750331377729e-01 -4.424132405828476444e-01 -6.020621255606678490e-01 -1.958601206799168715e-01 9.470053638694055920e-01 7.160861655399798353e-01 6.016516932889356406e-01
-6.930705091943356599e-01 1.563918492106916247e+00 1.634677174829011204e+00 8.124526541566913229e-01 -1.749818417705100160e+00 -1.795455764914109409e+00 -1.704500880570827048e+00 1.892068093344463631e-01 1.324212390518458182e+00 1.540340749053169533e+00 -9.890722698232841115e-01 -1.614855615715197645e+00 -1.876985788314513570e+00
-1.719436073767466044e-01 9.644162259507361723e-01 1.097526323008720217e+00 6.264668477864598906e-01 -1.163501207760872624e+00 -1.242824401345615781e+00 -1.343482901951444930e+00 -5.068145973253844749e-01 4.197587041212035297e-01 3.441614028595310071e-01 -9.692459395582955217e-01 -1.095088007642975869e+00 -1.209484928508290924e+00
-5.502601801435275108e-02 -8.072292108092709029e-01 -7.032173185404223537e-01 -3.260269900678913202e-01 6.543033417340555769e-01 6.458018954606393747e-01 5.422275640568563482e-01 -4.775268917676138702e-01 -9.245547041160049329e-01 -9.396937426594083043e-01 5.148017600634605673e-01 5.802531049188183188e-01 5.615803923265287878e-01
5.363937969033822917e-01 -7.768993071312911836e-01 -6.436610570478472626e-01 2.588152516707217798e-01 8.890159749083895724e-01 7.023928800702716746e-01 2.760715663249726504e-01 -1.388847021252566538e+00 -1.367537127813148734e+00 -7.855945288171501950e-01 1.530774435031852621e+00 1.384216897873879804e+00 1.368341776059208481e+00
4.427675019582221760e-01 2.482491059431037594e-01 2.822097864231981612e-01 5.595853653994511956e-02 -3.959330838600631508e-01 -4.786686180963310999e-01 -7.225004001149402111e-01 -8.927294141302121178e-01 -3.483604797226237948e-01 -5.348006937884378642e-01 -6.627270499759578826e-01 -4.976190078148506890e-01 -5.837771285730418702e-01
-4.986641715129010444e-01 -2.294694116439296439e-01 -2.703000855760748222e-01 4.979135457760734962e-01 7.293738721349267706e-01 5.727804993710264858e-01 3.383119748930989990e-01 -1.864953096744687566e-01 -6.750222480905268899e-03 4.488239147586712829e-01 8.031536441310457297e-01 7.963781200969333174e-01 8.180553084727318902e-01
-2.597076893229551264e-01 -1.196236726825831292e-01 -5.298909377279485688e-02 1.313038342832194560e-01 7.757845114915067064e-02 -1.489522791882926488e-02 -2.190523853639013696e-01 -6.555566127488702266e-01 -3.865377017072311738e-01 8.135212390605840727e-02 6.643347694556405170e-01 2.607043192338970305e-01 -4.685214645518218785e-02
1.129572283598419880e+00 -1.186607510170421126e-01 -2.568959266662170782e-01 -1.306385279079387951e+00 -4.326151448258741539e-01 -2.766416813203676495e-01 -3.214583212982627947e-01 -2.852667194550224106e-01 -8.286047292544015952e-02 -4.487998619431602387e-01 -7.290306635662165968e-01 -3.848390904872319163e-01 -3.180659873018316097e-01
1.108151313998396725e+00 -1.019750104653812661e+00 -1.072797985349905003e+00 -5.715913968199611839e-01 1.032664831140662764e+00 1.057150928576776172e+00 9.901863559659130898e-01 -2.680357725588103923e-01 -9.387704357853001724e-01 -9.259268475306776658e-01 7.608559908633989455e-01 9.338965933308495115e-01 9.650204597632590087e-01
-2.672966403200545682e-01 -2.236547256008099283e-01 -6.569471725066959589e-02 6.681894645951663714e-01 4.589877931225286312e-01 3.425620148792919428e-01 2.338521927905309050e-01 -3.656292712579859439e-01 -5.755269627626161677e-01 -8.240913610086254559e-01 -2.120526778185038153e-01 1.845393785590291897e-03 -2.014380442429216517e-02
-6.342997162072591122e-01 -3.810386515124902090e-02 -8.082562689179340065e-03 3.676749792599481870e-01 2.510436762642646036e-01 1.374397258369233765e-01 -3.346708231598113231e-02 -4.046064965412739522e-01 -2.525539816153061223e-01 1.262202949232473781e-01 6.993248370773790246e-01 5.090469383719822272e-01 4.456809150496920946e-01
-3.939410322799496433e-01 -1.111839210082908647e+00 -1.168608627823692903e+00 -1.241504582897341669e+00 6.612133015230720057e-01 6.034069145987395189e-01 1.700462919613143775e-02 -1.913949832017729280e+00 -1.391437033849727722e+00 -3.888935597090608653e-01 2.069816646618171330e+00 1.812090411529707401e+00 1.649182748447609148e+00
1.193338606641653588e+00 -2.502077160415233995e-02 -7.156626847360178512e-02 -1.052217805177330989e+00 -5.933722867294459746e-01 -4.685035975943918629e-01 -5.174845792734180661e-01 -4.274180536775715189e-01 -1.416554213788931427e-01 -4.747801609978342663e-01 -8.082718742068695228e-01 -6.022364291379288526e-01 -6.181499358980058201e-01
-1.050424441881382953e-01 -3.972670074593451783e-01 -2.960867885782379472e-01 -2.885083505737642273e-01 1.023987732060150507e-01 8.233967220470722603e-02 -8.801400001287001951e-02 -7.102079585860775479e-01 -6.192380860534038023e-01 -4.792296728903642222e-01 3.248884423742660066e-01 2.329917427865614288e-01 1.103806162191925816e-01
1.564753950797388882e+00 -2.249711886242882652e+00 -2.297455626857211275e+00 -2.050000721431526784e+00 1.677868066261333446e+00 1.799630234770894566e+00 1.449181936357610612e+00 -1.481342988465069954e+00 -2.466711725772286368e+00 -2.466073998394269218e+00 1.554463042127613326e+00 1.990925682326012414e+00 2.020158889799014368e+00
-1.473958341563089025e+00 9.862440439473958431e-01 1.130470020706680678e+00 1.231324577275047405e+00 -8.401860909224545537e-01 -1.052376695854290167e+00 -1.223049887683380854e+00 -5.084230572513024349e-01 4.960254516520810064e-01 1.000970244820655886e+00 1.013734612816550307e-01 -3.349754954418552311e-01 -3.615527514157514943e-01
1.488085028246644237e+00 -2.826419551789922657e-01 -4.209883097849486666e-01 -1.512859509917041212e+00 -4.816196746070567913e-01 -3.083344062928439211e-01 -3.967110277995062884e-01 -5.988414766230876207e-01 -2.797876880180464876e-01 -2.377558366144403579e-01 -4.453950802551383259e-02 -1.219114381385975714e-02 -1.454871163141086519e-02
-3.834389748264919184e-01 1.261773792268837402e-01 -1.189392087931548034e-02 3.087375722207807427e-01 2.241947942418245632e-01 1.298211843034541568e-01 2.497847230016866232e-02 -2.244661489400476828e-01 -2.165980578156068703e-01 -8.401934940883761804e-01 -8.287367862817117681e-01 -7.506153090166914343e-02 2.146179952357283316e-01
-9.340181445093665991e-01 4.879317881351559194e-01 6.159871159363885518e-01 7.656947967545084666e-01 -3.555206443247085901e-01 -4.127814022851986064e-01 -3.782888747846042121e-01 1.031019439685125355e-01 3.595085537075561333e-01 4.778511659269136236e-01 -1.468564530930880629e-01 -3.945479411237166056e-01 -5.450067670948859355e-01
-1.597496473915437087e-01 -5.211749952785326157e-01 -3.312353779700986656e-01 6.109442472989531359e-01 7.103497040028123877e-01 5.119484706663921525e-01 1.881868677036509507e-01 -1.019967646563643582e+00 -1.045497453624903317e+00 -8.681437965869989171e-01 6.537749004394211028e-01 6.994066250561956632e-01 6.575887299751368431e-01
9.334810966072708549e-01 -1.763721394635325013e-01 -1.315369639153612380e-01 -1.779889529766935652e-01 3.563000998788366097e-02 1.409155841947359530e-02 -1.432232155527426998e-01 -5.965776231666893858e-01 -4.626532173591720309e-01 -5.575009448094327968e-01 -8.346391691210748587e-02 7.077315218996393931e-02 4.961528785950701514e-02
-5.376768063606572889e-01 1.289076616400096631e+00 1.339770944744296477e+00 5.466923990810165224e-01 -1.516258224454913650e+00 -1.495179681552897044e+00 -1.337435259024788214e+00 2.528569864991860316e-01 9.680751280180156515e-01 7.579974501427397815e-01 -1.317633197282302104e+00 -1.567588756806430172e+00 -1.656197894467259069e+00
-6.143313802991268169e-01 5.956561884833220244e-01 6.885067653096270668e-01 1.284108225595490815e-01 -9.403408155363320864e-01 -9.896493891396597187e-01 -1.146764972187447551e+00 -6.997354428621348488e-01 1.277799158327815876e-01 3.708515403835050961e-01 -2.436277952392126300e-01 -5.490297391774464630e-01 -6.527303064424461176e-01
3.913904014758458061e-01 3.127042243237622698e-01 3.076925129989332430e-01 -7.122495761587122054e-02 -4.539137894925548977e-01 -4.345249010181773675e-01 -4.852041474744333560e-01 -3.670310797330024188e-01 -1.757536014052413220e-01 -5.920919527937585913e-01 -9.476606125072830622e-01 -7.774473082821474756e-01 -8.456100966251203221e-01
-4.798460180424958255e-01 7.940779559338183649e-03 1.513670706057538007e-01 5.598014596058576986e-01 7.884707918754942091e-02 1.218828541549593115e-02 5.806417318006130458e-03 -5.286628498459758352e-02 -1.233368613057880953e-01 -4.246930339197056703e-02 8.780089100874598207e-02 -1.366175403224627605e-01 -2.833692571424397677e-01
-6.767474592815276857e-01 2.897235139644798729e-01 2.557078922882113359e-01 -1.731213256387136579e-01 -4.264597944217926595e-01 -4.227971981539301871e-01 -5.387553618132265854e-01 -5.641443968341398607e-01 -2.595123220668327790e-01 -6.053887830324866659e-01 -8.009014703845951377e-01 -5.337862094605995145e-01 -5.009961816975607718e-01
-4.200386629617233747e-01 1.076590999174044549e+00 1.284056636095375126e+00 1.370608761701307854e+00 -9.090891555776006161e-01 -1.029953986395566012e+00 -9.299903367064161763e-01 3.301039152209606087e-01 8.561123265045748054e-01 6.342954990129063830e-01 -1.165567353241388826e+00 -1.291823107598085940e+00 -1.325123479075043686e+00
-4.992131726205140119e-01 -6.392226872149145422e-02 9.541462517120744002e-02 1.049230497423954800e+00 5.302272525416950044e-01 4.002747610823165769e-01 4.272913409426913334e-01 3.175756267128396759e-01 5.372837506340608082e-02 1.884409385936530734e-01 3.909553292591008700e-01 2.880176780614189247e-01 3.061098594037247600e-01
-3.751809694719422383e-01 2.783769911688795118e-02 1.521586487397642573e-01 5.905809379642602552e-01 1.129676281611962374e-01 -2.019008603260845705e-02 -1.940413845216355793e-01 -4.576772246819270640e-01 -1.468419136110131196e-01 1.884808159946290695e-01 3.980501850136521913e-01 2.259438734747638289e-01 1.250678325291367243e-01
1.576694676201943590e+00 -2.288483233480941959e+00 -2.284560417942346433e+00 -1.810550584718176426e+00 1.805961836192853109e+00 1.920314385660274681e+00 1.646994114172751544e+00 -1.232361379041261085e+00 -2.447564295858363881e+00 -2.675677277456926184e+00 1.226452104674199406e+00 1.765636807063167613e+00 1.782596205230477127e+00
7.913834094932966634e-01 3.718303902853969389e-01 2.593172078973587369e-01 -1.502559044404246480e+00 -1.343455411060044291e+00 -1.106168538641909782e+00 -1.055889659892511823e+00 -3.631965690837937188e-01 2.023015492730582399e-01 -2.748904074782254278e-02 -8.946124101477229695e-01 -8.770437796142046549e-01 -8.174216417597287565e-01
2.499556323318402884e-01 -1.233746783868373831e-01 -2.117573262717898641e-01 -1.621940264943945609e+00 -7.496906768760216444e-01 -4.905250787014189817e-01 -3.959367331937218570e-01 -9.243103035508155874e-02 5.642517105015533441e-02 1.473668005505044398e-01 -4.229260183428244259e-03 -2.243729605288899143e-01 -2.703926544586437442e-01
-1.746920722948217819e-01 8.726585520997266476e-01 9.802612102039943709e-01 9.848579020808112539e-01 -7.897631878708142317e-01 -8.970474054295155542e-01 -9.183775340364972450e-01 -1.846741089351149057e-01 3.498386418006217968e-01 1.429383432071735238e-01 -9.734346282461662225e-01 -1.022232284628504351e+00 -1.036508291401928794e+00
1.721597301068685359e+00 -4.905957222944287710e-01 -6.015447659188971619e-01 -1.178235199776832776e+00 2.155183728976553525e-02 9.691286547341104729e-02 -9.084858162021211547e-02 -7.626986068327363810e-01 -6.358064522522851592e-01 -1.006607549198452078e+00 -4.873523700300869121e-01 -4.600994302603788125e-03 4.600350650540920017e-02
3.186082606936077588e-01 -1.094118946777979717e+00 -9.958773336166455437e-01 -5.777014839109808619e-01 8.572698821492250598e-01 8.399792831492901568e-01 6.262169981629507332e-01 -8.209379729750307941e-01 -1.220684035892034780e+00 -9.168374953848339448e-01 1.165336795236663781e+00 1.066655849118400612e+00 9.777738485178478767e-01
-1.951961708817635255e-01 8.580013454544539453e-01 9.408346792111909052e-01 3.374948154897474684e-01 -1.094762388035680267e+00 -1.109862685737370569e+00 -1.125343992824255013e+00 -2.920607654171532563e-01 3.540819401891507900e-01 1.845943608591626428e-01 -9.797039384954594476e-01 -1.097440580031161961e+00 -1.177319739265869192e+00
6.876604968386835770e-01 -1.428408634171083325e+00 -1.369748065777691703e+00 -9.356272073581601845e-01 1.158231062756266194e+00 1.192612957151004904e+00 9.858574897965337591e-01 -8.859122107438950344e-01 -1.609283781231028332e+00 -1.813395237652968062e+00 6.532960694136951130e-01 1.052335280966034237e+00 1.097928167414685463e+00
6.056490722328302656e-01 1.099458060324822878e-01 2.383242657079932547e-01 4.315575572040873387e-01 -7.846340510619050079e-02 -1.875802100805609995e-01 -3.536495507874103938e-01 -5.135029610616019813e-01 -2.313296195588160076e-01 -4.696271084501025261e-01 -5.464667617001788269e-01 -3.170512039833066065e-01 -3.109626631499797234e-01
-5.429448713707286656e-01 1.206710602732488757e+00 1.320671346719292538e+00 8.857090004510413950e-01 -1.223687510397534650e+00 -1.292807637417498157e+00 -1.256926305346502071e+00 -2.256791648335474548e-02 7.151588323173780903e-01 5.783114401349330747e-01 -1.130410490420767688e+00 -1.354911673372278580e+00 -1.445791679473435343e+00
1.900455087303250190e+00 -7.483138286030934783e-01 -8.794053815005576924e-01 -1.554046214283598681e+00 1.833800108994854683e-01 3.486233268391149553e-01 2.861148390150165532e-01 -4.580444779176884307e-01 -7.123514793749107232e-01 -1.144509683067924666e+00 -2.988717136321049628e-01 2.051966333016600474e-01 3.218055323553772884e-01
-9.513175187168246838e-01 1.806115491405567042e+00 1.954326139991444444e+00 1.066540690867431529e+00 -1.968120936879700134e+00 -1.971033256960174063e+00 -1.743011658393083252e+00 5.782293282119960187e-01 1.606609530086190230e+00 1.433422923365355484e+00 -1.617965557814669886e+00 -1.927942363756053767e+00 -1.930611988567463300e+00
1.685114999795690016e+00 -4.162172631444457926e-01 -6.581750420152954195e-01 -1.388294670730399583e+00 -1.634747902443927856e-02 8.787556879882323091e-02 -6.988517783290271179e-02 -7.037795994215471085e-01 -5.406840956716237878e-01 -6.945314001228670708e-01 -1.429455760027330269e-01 1.468126974053085287e-01 1.045075733909322652e-01
1.882905816757100004e+00 -6.368694974481416970e-01 -7.775199557449656851e-01 -1.532043984868860287e+00 -3.996711166653536124e-02 8.571198238379613976e-02 -1.568143911240077737e-01 -1.195297052508294655e+00 -1.114621824141754924e+00 -1.377063876081184635e+00 -1.589606423620383013e-01 2.298475224772595082e-01 3.172900733977418453e-01
1.209302216270584873e+00 -9.876648468129608505e-01 -1.026299704840348381e+00 -8.700442564072818907e-01 8.357882937137808277e-01 8.394159138214635218e-01 5.721003643539985806e-01 -8.613389476719810478e-01 -1.118797380693477672e+00 -1.204338248473093786e+00 4.458234371261824980e-01 8.208085438796919320e-01 8.425895689610395367e-01
7.120557316949994719e-01 -1.456166813780508384e+00 -1.401050847629962348e+00 -8.470360690421966376e-01 1.238375145566369184e+00 1.249519247432835822e+00 1.008173120164152614e+00 -9.369461447861822112e-01 -1.592556138392883902e+00 -1.311133342195675233e+00 1.477562067455999717e+00 1.510249495939292474e+00 1.494432249121705469e+00
1.053328768410229710e+00 -2.006441686222687482e-01 -2.518246782297970943e-01 -1.227743216765510459e+00 -4.298326344074549499e-01 -2.697162429107496928e-01 -3.158649643948370778e-01 -3.573727800682546252e-01 -1.156657391770038040e-01 -2.580536795406083161e-01 -4.013632146098699560e-01 -2.819123543162742052e-01 -3.445882930032663771e-01
-6.954326550161950005e-01 6.203083396773263480e-01 7.078533847675398949e-01 -1.798454979139233190e-01 -1.191905238013944102e+00 -1.181732794664349884e+00 -1.313849344808344366e+00 -7.206829403609964491e-01 2.026287174340379027e-01 4.636886651400428105e-01 -2.261706331917538448e-01 -5.099188292652604426e-01 -4.924976908474069104e-01
1.675929210112309997e+00 -6.708066047769293272e-01 -8.180283717964331736e-01 -1.588061928329304928e+00 3.935729759324828325e-02 1.986382720447529837e-01 8.355392680918766191e-02 -6.245105173144794852e-01 -6.750494362265536674e-01 -1.012011879556653726e+00 -2.761704015995253281e-01 1.773971984475561370e-01 2.491560040861138525e-01
8.185191238762240529e-01 -6.971759640195142049e-01 -8.005372831531789579e-01 -7.134153559058579175e-01 5.883136206183267047e-01 6.957444071168841226e-01 7.840457477269658915e-01 2.040942865674155171e-01 -4.022697902841386730e-01 -4.332557174443863457e-01 4.733343485585515542e-01 5.652945417788614035e-01 6.355324708378931042e-01
-1.468767361465802834e-01 8.722663197773841137e-01 8.967057138194469701e-01 4.555812290340076343e-02 -1.158875855390419707e+00 -1.099305067517796664e+00 -1.004922729710750584e+00 1.597070631608024927e-01 7.267747101706291124e-01 4.694731889268123348e-01 -1.132252776060383992e+00 -1.157191376186032405e+00 -1.135104229338511850e+00
-1.432770703188009642e-01 -3.759956904786511123e-01 -1.762953886519404711e-01 6.255518313036212419e-01 5.379168480519109785e-01 4.124606915886612213e-01 3.067383135940399130e-01 -3.327636073434436792e-01 -5.599765128287904625e-01 -3.802693952166941171e-01 5.417869136841059197e-01 3.602613501653199046e-01 2.230960875014053602e-01
1.539926723035524025e-01 -6.453561592684142756e-01 -8.538117296213864060e-01 -1.271802768092632707e+00 2.700859327740759985e-01 3.127883322497855278e-01 3.939405006997254849e-02 -9.837145242439928605e-01 -7.515414604591049708e-01 2.441942408538300413e-01 1.937080107602333179e+00 1.373886556202035480e+00 1.167854748150189970e+00
-4.863234056557210194e-01 3.866173477237832556e-01 4.332431041749955081e-01 -6.949462402157382535e-01 -1.097813416488191862e+00 -9.778564978535636554e-01 -9.610774864260741568e-01 -2.163468795575448633e-01 4.336064210082196113e-01 7.269060119621789662e-01 -1.119547096140401932e-01 -5.121021174046813673e-01 -5.943990031156961562e-01
-6.761223341044597657e-02 -3.582668984197923123e-01 -2.366166189564045952e-01 3.042011841657664695e-01 4.360383487024506732e-01 3.714091994693873300e-01 3.023538160070742276e-01 -2.074520042122468266e-01 -4.330726637459853534e-01 -4.153367340918328043e-01 2.430484663597077544e-01 2.285839902129811196e-01 1.835919684605064328e-01
-7.003755257610581042e-01 8.481414711567020204e-01 9.595984348105282002e-01 5.861849260209592849e-01 -9.544768079196698229e-01 -1.020220315707986325e+00 -1.026737024039503288e+00 -4.694122603081064132e-02 6.530550907354905066e-01 6.632117615052584014e-01 -7.834258587501480298e-01 -1.024535395313601160e+00 -1.166326387553762167e+00
-8.336977664169098468e-02 -9.765594884195857861e-03 1.395782798522768320e-01 5.645810338218294477e-01 1.024977848178066642e-01 -1.916096628939195287e-02 -1.443153875987227552e-01 -3.941996339190031451e-01 -2.525862408103111134e-01 -2.832035694556254632e-02 2.875730509257452550e-01 4.985445913527957601e-02 -1.228455843693470745e-01
-2.070044101924357338e-01 -4.797170272132224578e-01 -3.698812967206560054e-01 -1.079993552797745004e-01 3.526019353940996193e-01 3.454797458690938572e-01 2.924837651882314371e-01 -2.385543579962645655e-01 -4.375613602841552652e-01 -1.957177907778331338e-01 6.431472610845887505e-01 4.512906307043981768e-01 3.381033122523329770e-01
-2.933771792501136955e-01 1.073145828895410769e+00 1.098984777881703678e+00 1.159086902361806254e-01 -1.436177948909281854e+00 -1.429898874546054577e+00 -1.447992260697605449e+00 -2.602748589378099942e-01 7.001936639018084829e-01 6.624986009118670749e-01 -1.013402971016218679e+00 -1.214212056176182442e+00 -1.299115646999503104e+00
1.380485593124317623e+00 -1.143234625633680723e+00 -1.137632622462046106e+00 -9.986020676536789820e-01 8.619616278881758742e-01 8.721813829369486903e-01 5.490425429668956969e-01 -1.090189261711796087e+00 -1.288524397602109239e+00 -1.224364725434460066e+00 7.778777806891318258e-01 1.112829875226234444e+00 1.170937163496359679e+00
1.111303692694264100e+00 1.383749689703420993e-01 -9.789266003375655945e-02 -1.553045547864311926e+00 -9.055491145784527740e-01 -6.934039608514590558e-01 -7.127671278723057835e-01 -4.039055948445414712e-01 5.079880841090721189e-02 -2.705924338437584176e-01 -8.339900630967389539e-01 -5.638179671293105377e-01 -4.959127541520013671e-01
2.223833542064492352e+00 -1.091647593950864970e+00 -1.225800366571253797e+00 -1.688352560659929447e+00 5.280841821777487732e-01 6.981794212996168536e-01 5.813166254672872402e-01 -7.038597457553152914e-01 -1.207072528600355410e+00 -1.886358891184661379e+00 -4.440484583020531395e-01 3.012424139645679122e-01 4.177601298411564024e-01
6.251275865853336278e-01 4.339482483772249544e-01 3.019061529764338614e-01 -1.354910295508535478e+00 -1.321122135877586423e+00 -1.095518990519400271e+00 -1.032361501917673063e+00 -2.896017390006691006e-01 2.318365065536160952e-01 -1.565879762059572133e-01 -1.222190867813303772e+00 -1.127000763558142271e+00 -1.104458956065907937e+00
1.258379086536692393e+00 -9.466171782276545654e-01 -9.339423882464362725e-01 -5.676635679064528928e-01 8.226514923134093937e-01 8.296140692462724564e-01 6.520221867583750885e-01 -6.844667501770671514e-01 -1.115837647695669288e+00 -1.330023801763075664e+00 2.935036997617401222e-01 6.816938412957691540e-01 6.999186394895351437e-01
9.155344093107691261e-01 -8.071956459419221686e-01 -7.842752909921494320e-01 -3.992006478958783355e-01 7.453880177625712422e-01 7.026393132036612421e-01 5.039584443950457793e-01 -7.471795102010362344e-01 -1.098560832717958569e+00 -1.394535864363414701e+00 2.986549778036569347e-02 4.222801665276597616e-01 4.233417907087809184e-01
1.228657594540437437e+00 -1.295152994146501479e-01 -3.128909612051801181e-01 -1.726205402118527577e+00 -7.038359144589798611e-01 -5.104465835841508481e-01 -6.100566620570800902e-01 -7.034069686275413735e-01 -2.890958648871094772e-01 -5.949159666878703900e-01 -6.679058788058293006e-01 -3.728655271604607302e-01 -3.448425404384038440e-01
-4.529555204828329962e-01 -1.215932128640343085e-01 8.456400603349707723e-02 8.817269445340990552e-01 3.273722097899790517e-01 1.298007406104429717e-01 -7.460269887521973897e-02 -4.571308195188023560e-01 -1.929869719451199617e-01 4.695854433391192240e-01 1.040258314016370589e+00 5.912804001501928974e-01 4.456564488761109444e-01
2.379356926857279786e-01 4.104699600393256764e-01 4.951413213222565224e-01 1.493459361503651495e-01 -6.380897184048412996e-01 -6.414267052652166123e-01 -6.439141032487195604e-01 -2.438066892302837851e-01 4.597849378196757625e-02 -2.567285924473483583e-01 -9.317204989188588860e-01 -9.447268119765411809e-01 -1.086186858286783297e+00
1.452350444953960651e-01 7.337430137138066799e-01 7.960602665588777382e-01 1.340514112892619847e-01 -1.056003313795454757e+00 -1.067469283678082359e+00 -1.178853760994832856e+00 -5.809697574956361743e-01 2.442119930769592606e-01 1.588971550098422503e-01 -8.483169435093746991e-01 -8.774141349483333130e-01 -8.903849671283512457e-01
1.849935559634188764e-02 1.272836230525937751e-01 2.601735698051870216e-01 1.428575913325882962e-01 -3.474476416409740254e-01 -3.766306331716801625e-01 -4.512762137690748965e-01 -4.368722983399639936e-01 -2.314839397439093782e-01 -3.900870045646433470e-01 -4.635301326327400107e-01 -4.606103210742682474e-01 -4.933626306449627741e-01
-7.260500500201085838e-01 3.780913101936249077e-01 4.620275212688768063e-01 5.983593881474693621e-01 -2.616274993128690496e-01 -3.664892257905865702e-01 -4.546007789421160350e-01 -1.604653391769977622e-01 2.691323353100487648e-01 7.072523494400283495e-01 3.742797462073060299e-01 -2.581868521760215945e-02 -1.677878663934586345e-01
1.387592341861192624e+00 -2.661433314515821436e-01 -3.423842143614492239e-01 -1.180491482660960489e+00 -3.208908060905626969e-01 -1.776411521093026191e-01 -1.903084636953053799e-01 -3.341600081888893570e-01 -2.861608033724626909e-01 -5.736912734276925496e-01 -4.933997946941565127e-01 -2.897081627736401432e-01 -3.006374769421390480e-01
-2.415372950045422198e-02 -4.500684532424060746e-01 -5.616732327755656895e-01 -6.513138792450946513e-01 2.276402214043393990e-01 1.749933894157688075e-01 -1.139462508556683823e-01 -7.986483340062588976e-01 -2.855079279755523558e-01 8.100846998963532331e-01 1.872819027590354235e+00 1.333745644632413851e+00 1.215310218638278261e+00
-5.528640307997663150e-01 1.487573100412439286e+00 1.397023250043474718e+00 3.460359014195970029e-01 -1.699671239681642243e+00 -1.576451332332211130e+00 -1.257600456784813803e+00 7.477060782905556868e-01 1.367829193872067695e+00 1.269911503409246301e+00 -1.118713630392923486e+00 -1.532279247036744341e+00 -1.604900986417149511e+00
-5.100463114787023855e-01 1.122496511708949374e+00 1.261665082065498877e+00 6.401602422842221918e-01 -1.334920204843421221e+00 -1.369300283083834113e+00 -1.341842409222843591e+00 -9.641850093003401234e-02 7.012688115068550498e-01 3.697587543121852449e-01 -1.490491513155588255e+00 -1.520319015539342455e+00 -1.569278344387181834e+00
1.857962443555068177e-01 -9.020520160491866113e-01 -9.122796457475763621e-01 -8.865629035294977367e-01 6.163913501274009832e-01 6.845616840793042890e-01 5.832044442615627045e-01 -4.823916432833302292e-01 -9.312562539975165476e-01 -9.172063436168156336e-01 5.895585228162439906e-01 6.735626619632786305e-01 6.388026284425561974e-01
8.979307883632910992e-01 4.520932707863080657e-01 2.505981314937979487e-01 -1.591149176791112341e+00 -1.384187017417062071e+00 -1.119671672782881711e+00 -1.036601296768235425e+00 -2.489163971272600195e-01 3.359445322981240434e-01 2.766150235214623332e-01 -5.835382016381018833e-01 -7.009653594528261200e-01 -6.823552850127133640e-01
1.111659096350793519e+00 -3.816031029396784180e-01 -4.567005013393126145e-01 -9.154692927145698933e-01 3.767431131558247881e-02 9.671198494061584994e-02 -2.759264133481277928e-02 -5.260229767851134497e-01 -4.599357547824164949e-01 -6.283457454580007040e-01 -1.255425430036206103e-01 1.538936292528734484e-01 1.971288082482886006e-01
-2.921973253837909512e-01 1.047204816896997848e+00 1.094607415509524673e+00 5.402029913154671181e-01 -1.129224692110828210e+00 -1.169110113752282576e+00 -1.149553614387484046e+00 -3.750973808350889505e-02 7.027158524233639847e-01 6.595947311338973273e-01 -8.959493674138105934e-01 -1.103150326552670091e+00 -1.191735664647823434e+00
1.458902829264262291e+00 -1.375920510782786543e+00 -1.428953862364236826e+00 -1.089377907460293393e+00 1.238376655374203716e+00 1.323801006908063682e+00 1.304926963118749894e+00 -8.755176850977601510e-02 -9.866543163931831284e-01 -9.414461581765743992e-01 1.086270505137151510e+00 1.274394162575932743e+00 1.321490594278450059e+00
-4.418636725013870836e-01 -1.893012552667588666e-01 -1.287631800551369832e-01 -8.929992663018658516e-02 4.167687773938902329e-02 -2.959881530290566984e-02 -2.443913734752331812e-01 -6.656181876328631786e-01 -3.220123823638418870e-01 2.186734872331903279e-01 8.737144049102800736e-01 5.640940473383594389e-01 4.864394489574150882e-01
1.731506082546826697e+00 -1.779456651944336887e+00 -1.772691541413073946e+00 -1.370506057940064970e+00 1.445673192906051785e+00 1.566773059010323710e+00 1.463887786054796747e+00 -4.861699331985177008e-01 -1.477840959901204787e+00 -1.040557923571148846e+00 1.968648904766677310e+00 1.887156864411062562e+00 1.885506056361619720e+00
-5.421762897653226165e-01 -9.736176078275751711e-02 6.355163576576734752e-02 5.028043563433577390e-01 1.278463932849252527e-01 2.137027588812987627e-02 -1.021789021795699998e-01 -3.900274712235431984e-01 -2.655917492297923399e-01 5.961314932409412376e-03 4.679538245121198092e-01 2.563134195765478518e-01 1.704122241398368376e-01
-4.190517374321608979e-01 -3.029724541840729812e-01 -1.943523453879149876e-01 -1.814988794751848933e-01 2.425337390381632208e-02 -3.331633641921453309e-02 -2.703753894416680015e-01 -8.775644200640740911e-01 -5.536116241204663835e-01 2.786857512326204253e-02 9.689794974274702488e-01 5.807490391550059750e-01 4.224235115716548639e-01
-4.596207062131715260e-01 1.005475138878633191e-02 1.416460984774583209e-01 6.554007305598102961e-01 1.361559141936710959e-01 9.396078989243265844e-03 -8.827082121595113129e-02 -3.111566224898876243e-01 -2.315787100749564786e-01 -5.304236779549847958e-02 2.705949903056493189e-01 8.482982243622382013e-02 5.674300868542467291e-03
-4.213262905268903014e-01 3.470434938664909708e-01 4.729843159368035121e-01 2.835377542209630564e-01 -5.514745678910965010e-01 -5.996314726272449214e-01 -6.749563413676906709e-01 -3.677155654902426463e-01 5.144999868349330735e-02 2.913996355786362819e-02 -4.190074527077908284e-01 -5.373622727085710649e-01 -6.180547126441690020e-01
-3.168253530375951810e-01 2.354885543464308173e-01 3.577679947843615538e-01 7.291583693205880845e-01 -6.699731408815659539e-02 -1.792534588927040817e-01 -1.985533001216897020e-01 -1.439897801656982168e-02 1.723364503074783505e-01 5.773708415511809022e-01 5.258118197130209337e-01 1.520004930382712338e-01 1.171380589344747786e-01
-5.159314595313596596e-01 1.317656992383239078e+00 1.369318713038740309e+00 3.917488226837231857e-01 -1.583361069080476469e+00 -1.557033019155098064e+00 -1.491800838712026289e+00 1.014408527663791804e-01 1.093117592856797993e+00 1.051405844793486866e+00 -1.200871150442220925e+00 -1.482737057552434790e+00 -1.596875929519389059e+00
1.959669219183502786e+00 -2.115789533684667489e+00 -2.120187281687884173e+00 -1.761799799310979076e+00 1.615678079115243859e+00 1.731461734498215499e+00 1.497432155198713977e+00 -1.013726507573740721e+00 -2.040341690654371654e+00 -1.927737535741590902e+00 1.619860640080658998e+00 1.897303623745787871e+00 1.931290265100478187e+00
-1.126515121073142112e+00 3.400344872290118198e-02 7.940706516249622371e-02 5.355315190289465788e-01 2.045190728518151979e-01 8.909082000216907160e-02 3.383876741799311111e-02 -1.151946989760383074e-02 7.429623991386118120e-02 1.551540239668201260e-01 6.594636412561415660e-03 -8.309207198173765296e-02 -2.432961923919749470e-01
1.704848496535924296e+00 -2.250030877929742434e+00 -2.380537179283555016e+00 -1.592535370060527589e+00 2.180506461952556485e+00 2.287649165593322653e+00 2.176987794639447582e+00 -4.216596893128743972e-01 -1.880465049705146718e+00 -1.536716346020958968e+00 2.391962946396982481e+00 2.546973883481062906e+00 2.615310890528797838e+00
2.959785323277208668e-02 8.642641197693610999e-03 -6.876895386356219643e-03 1.868945933835914341e-01 1.608700860304599911e-01 8.518319314452123259e-02 -9.983315862278119290e-02 -3.825681808516870896e-01 -1.577689978293182749e-01 -3.169797726121602599e-01 -4.136333799658223342e-01 -1.141465462442686762e-01 -4.747375745488210258e-02
-5.604532631157790323e-01 1.244594333431267463e+00 1.291032439729969505e+00 4.949884824984703835e-01 -1.464013416664917244e+00 -1.472975186852963692e+00 -1.409405581414809649e+00 3.200379151025908170e-02 9.141058418385691331e-01 6.559319035922385188e-01 -1.437785177646952572e+00 -1.490602221959402618e+00 -1.474210654483697480e+00
1.757331502003417478e+00 -2.439324004115881017e+00 -2.424219531875209110e+00 -1.505720839727890947e+00 2.244237475318274111e+00 2.344580801727450758e+00 2.167640110756589245e+00 -7.738286528421861599e-01 -2.365227566765499390e+00 -2.618116340333809688e+00 1.506205896458695737e+00 2.131256429947189890e+00 2.275483021032834507e+00
6.676249136204860657e-02 5.877110974380003183e-01 6.167707722300704853e-01 1.975021604049625665e-02 -8.128476807396576298e-01 -8.104540275281840733e-01 -8.301861407059856202e-01 -1.848910291002913153e-01 3.579502815458094900e-01 1.961361441295346730e-01 -7.770567959154723869e-01 -7.319134512239051649e-01 -6.869993421292179825e-01
-9.973537492358189871e-01 1.446043334848694795e-01 3.264318273230389367e-01 1.189576148652254028e+00 3.178081497245960341e-01 1.848797449493286282e-01 2.834814080370018363e-01 5.053319649458916096e-01 2.433759582560685308e-01 4.099554232168505230e-01 2.889885560929976172e-01 -9.749912268531880227e-03 -7.664936346468198547e-02
-5.119305940080645101e-01 7.970668491102129993e-02 2.093962882928821212e-01 7.594243402715791236e-01 1.627901911850222205e-01 4.113326548122191173e-02 -2.806971310548354512e-02 -8.716304378943075248e-02 -3.893123083530352496e-02 8.597858270180995521e-03 2.231277744157311987e-03 -8.085239701514072841e-02 -1.499601449857982660e-01
1.345164012020687361e+00 -3.350022951354895140e-01 -4.973468846239547103e-01 -1.427466613711677823e+00 -2.803591545108813365e-01 -8.197504226158597307e-02 -6.689681905324479372e-02 -3.208568022420861809e-01 -3.824030358148877151e-01 -7.397120193143900124e-01 -4.228825522965051209e-01 -9.338364603036933276e-02 3.370407489935427908e-02
9.124731800440066820e-01 -1.337719010184707846e+00 -1.251888777571186440e+00 -5.651599719111309872e-01 1.228763437533835212e+00 1.207641827238198573e+00 9.882031229526738736e-01 -8.116896843589874733e-01 -1.457382463682062035e+00 -1.294972894008920017e+00 1.215462813498364492e+00 1.336925926343668136e+00 1.314628688677008883e+00
-1.817181822380961320e-01 -2.626891806882613589e-01 -1.651392108528176583e-01 -7.418326002708200417e-02 1.664640869713556945e-02 -8.753405243480849585e-02 -4.222909402443293936e-01 -1.264964453021587554e+00 -8.772965903898218842e-01 -6.790248244841792236e-01 3.635262551695832567e-01 3.461175870690528233e-01 2.839943857183587217e-01
-6.142679508500896723e-01 1.636260885963799760e-01 1.580111999830467462e-01 2.419186880128815220e-01 -1.072273791365492834e-01 -1.643217254751272727e-01 -2.050806609303246486e-01 -1.618834376818169274e-01 -3.830570145309756397e-02 2.104420064684925373e-01 2.675644277264827009e-01 -2.448893980657518982e-02 -1.902984049564516167e-01
9.560562603824064309e-01 3.882696284561327760e-01 2.007706592244080102e-01 -1.643484899190525317e+00 -1.312629012655544214e+00 -1.075114774871106071e+00 -1.047539969709130769e+00 -2.293378209544270074e-01 4.912559527077585697e-01 2.806504904854797977e-01 -8.869868902331828897e-01 -7.022192390024378783e-01 -5.312270162419544528e-01
-2.282488039216914899e+00 1.466900442378236802e+00 1.514353748425596891e+00 9.953814843738023610e-01 -1.434295232241737938e+00 -1.499833873361394732e+00 -1.348936861287550748e+00 5.150574132552473428e-01 1.475504350620730376e+00 1.993087547009309013e+00 -1.926102756458100418e-01 -9.100177919191464460e-01 -9.662950669155768724e-01
1.566804856031902782e+00 -3.710519865643732151e-01 -5.980993255113695728e-01 -2.013568522823359963e+00 -3.511925676654591988e-01 -1.161856800101277593e-01 -2.561378068513629480e-01 -4.920425858061946989e-01 -1.894176456648388393e-02 -2.593667371043314462e-01 -5.339390705566360307e-01 -1.901885779702410786e-03 5.015476689812697203e-02
1.695125861584101612e+00 -1.319847656228191779e+00 -1.383775394505211365e+00 -1.089508462500431651e+00 1.130838574273193009e+00 1.154586911400083737e+00 9.383184352615949742e-01 -7.928278368177734681e-01 -1.372677959153220328e+00 -1.487484787010108889e+00 6.844986346107846398e-01 1.089643011845930376e+00 1.109329154248689164e+00
2.587929552574276815e-01 -1.021704368382623018e+00 -9.258613792835170830e-01 -4.821659664551094515e-01 8.550276908738142501e-01 8.488441268743565082e-01 7.058962866369196121e-01 -5.574687366686320589e-01 -1.033641660576821275e+00 -7.865364120332484221e-01 1.047426001173645371e+00 9.542417022303720797e-01 8.600476466468893744e-01
-4.257362941784003652e-01 9.363898244365044532e-03 1.857654154411605973e-01 6.005677232052957226e-01 3.957866421309409050e-02 -7.626220478944122083e-02 -1.727861998615088102e-01 -3.534826025956486761e-01 -2.494625414273976827e-01 -6.049824871471543714e-02 2.272044254858635037e-01 -1.449257647703203200e-02 -1.490918162093070598e-01
-4.270767839066254568e-01 2.857749376119275153e-01 4.003400345481354372e-01 8.965766358502298694e-02 -5.622264942632818618e-01 -5.830469656879363471e-01 -6.442413906675776847e-01 -2.274463811287631143e-01 3.249412478371179747e-01 9.021784596212331087e-01 4.693011271848002153e-01 -1.010751903507087074e-01 -3.066270253856314132e-01
9.092647610759536647e-01 -1.280738204510415423e-01 -1.844710944205041891e-01 -1.131220770325991110e+00 -4.675492932547216651e-01 -2.992688945413032875e-01 -3.263024441840980394e-01 -4.177603671656750506e-01 -3.311054451220443728e-01 -8.224814661885827549e-01 -8.169677840353105625e-01 -4.434881254883014101e-01 -3.506700229004172109e-01
8.642744768454212467e-01 -1.599446762784024534e+00 -1.571070464042253478e+00 -1.207134481298115514e+00 1.246935395677751801e+00 1.277883557841465789e+00 9.713108920061266360e-01 -1.183367806060886096e+00 -1.782317609953756099e+00 -1.563065942798990138e+00 1.425180630093202394e+00 1.566367849781818089e+00 1.540846980439814384e+00
-4.070235247480122887e-01 1.148531044143348501e+00 1.248491341149724709e+00 4.824537907822677996e-01 -1.408502398103521625e+00 -1.406863364720930099e+00 -1.326285342459222472e+00 2.901699968422032788e-02 7.856265245676212761e-01 6.608688803870060857e-01 -1.108739605313155741e+00 -1.341893618419038647e+00 -1.379526865991274276e+00
-6.627818486918692908e-01 3.178543406566243790e-01 4.155603918998111435e-01 4.041860121355305147e-01 -3.550749074362249957e-01 -3.740463982364212736e-01 -3.685592509906436276e-01 -1.631874676535076396e-01 -1.251012516941316446e-02 -4.971445145908331281e-02 -2.219683829748426984e-01 -3.129647674962692250e-01 -3.709819237152149896e-01
4.002191380699852696e-01 2.604919921289122753e-01 3.891871531449504484e-01 1.755901407381880441e-01 -5.205762321354290290e-01 -5.791962360779794317e-01 -7.594918972795281498e-01 -8.447265595203193866e-01 -4.052379776500989461e-01 -8.137425520007514068e-01 -9.844265021498734836e-01 -7.360423844707603136e-01 -7.872718379574110692e-01
-5.403210311082559114e-01 1.146178804874956880e-01 1.733611353582883985e-01 4.211660440400148975e-01 -8.391612980813738937e-03 -1.101020950585038932e-01 -2.194310108671111148e-01 -3.635220495617871861e-01 -1.805455323783380361e-01 -1.350091720391725092e-01 -1.904750373928277771e-02 -6.770334270719532976e-02 -1.274464463933800418e-01
-4.123558528648683663e-01 -6.230863409731561831e-01 -5.686126819347885331e-01 1.814201624481596165e-01 8.986433848252746159e-01 8.180287540209175701e-01 7.076808492476905910e-01 -1.116575311507840701e-01 -4.719744567033583582e-01 -1.387062969843226301e-01 1.012307038932841463e+00 8.778077259145242728e-01 8.050513711348494805e-01
6.924078680246815998e-02 2.862180432941888869e-02 1.729804394928689537e-01 4.587775206737074729e-01 -8.225835462328594250e-02 -2.528812919283035532e-01 -5.945149673731822126e-01 -1.156514630936219534e+00 -5.708665035905188256e-01 2.002183863121652103e-03 8.007202153581138848e-01 4.527243086947820294e-01 3.708347840394643491e-01
-2.850208202742462449e-01 -1.186364081800917597e-01 4.653881501547466742e-02 2.661861639011623426e-01 -4.874175749526567236e-02 -1.804189890288582232e-01 -4.728641019129354861e-01 -1.049144357402068906e+00 -6.123920050452870134e-01 -2.536272820874308498e-01 4.563194042753440094e-01 1.977895093286605455e-01 -6.185679994147236326e-06
-1.390175031486460266e+00 -7.518495929209760842e-01 -8.503651794116937612e-01 4.692331031452683376e-01 1.578246127630453133e+00 1.620440472618532857e+00 2.079558766414213000e+00 2.065768715268082367e+00 6.696846750676108684e-01 7.525158283577180196e-01 9.926007591278176445e-01 1.136232650804874122e+00 1.450888015857510371e+00
-2.174977605317182372e-01 1.989533772492770636e+00 2.041720466139703483e+00 2.274377876847521129e+00 -1.200950757096779675e+00 -1.338821871662889240e+00 -9.317712131773526751e-01 1.588217008279818376e+00 1.939798646696817341e+00 1.503155874312318785e+00 -1.753668304578155368e+00 -1.859763482430439652e+00 -1.679169972323552473e+00
-1.332234672272690101e+00 -5.482030546916020208e-01 -6.836214933709467978e-01 7.460651865992751208e-01 1.515754666911624637e+00 1.452835436317832851e+00 1.771671710479178374e+00 1.808735557428436946e+00 8.051317556296933020e-01 1.150742924790243871e+00 1.180039624266400855e+00 1.127253147215489415e+00 1.195627842003180952e+00
-7.781111154710481648e-01 -1.166853209067644448e+00 -1.147282993765431636e+00 5.502730479358113325e-01 2.255091600883180281e+00 2.327703304296452558e+00 2.871814031737697004e+00 2.596240466371753097e+00 7.135079970822126860e-01 9.580784802009387757e-01 1.751334770404930907e+00 1.860888214549705877e+00 2.216817034388473218e+00
-1.076447744423347341e+00 -9.299290173878568266e-01 -1.033625859066213515e+00 7.591021099098018698e-01 1.958792663596968797e+00 1.920631076607644872e+00 2.315320659468485420e+00 1.883832369697219900e+00 3.114202043356856797e-01 6.489874546572906855e-01 1.581491305500382527e+00 1.375035119344604428e+00 1.358602355496489666e+00
4.392320348089955862e-01 1.423041210315875160e+00 1.171680005063623353e+00 1.011362561150276118e+00 -6.184949738109684070e-01 -6.177444819653844510e-01 -2.402216337082812292e-01 1.348485108808546329e+00 1.172906822967837437e+00 3.442150808293634734e-01 -1.677921355673736903e+00 -1.218058275749922759e+00 -8.730844683633673942e-01
-9.753022318480956132e-01 2.679917110587368256e+00 2.553999641993836001e+00 1.430623380975967640e+00 -2.252210354222340616e+00 -2.207650691335256266e+00 -1.912824761768880277e+00 1.033747876585547676e+00 2.250444117251988896e+00 1.783468560226797672e+00 -2.274927789580746484e+00 -2.241490622382849907e+00 -2.059756207062088507e+00
-5.477618874773120261e-01 2.097343715942916020e+00 2.071439529748456909e+00 1.986438269781190868e+00 -1.303390346240165254e+00 -1.393553171915132394e+00 -1.063956263708101702e+00 1.293699784202608782e+00 1.813179324052177632e+00 1.395379875717309925e+00 -1.705248890219257518e+00 -1.793479702164614498e+00 -1.678401226424946824e+00
-1.141162407503039100e+00 -4.056739208162042920e-01 -5.346454803190581195e-01 9.311883166383336796e-01 1.580705715448654125e+00 1.515838449438404734e+00 1.866484436350476006e+00 1.873698052238827572e+00 5.681073601373011206e-01 3.988678237629907919e-01 5.112317446915596308e-01 7.346696168516244629e-01 7.832168907725397533e-01
-1.244933078345782818e+00 -9.932739239509910112e-01 -1.012566951452177566e+00 -9.233408702210174623e-02 1.538981729083121364e+00 1.633983175591172454e+00 2.000430325502221773e+00 1.720728978552346744e+00 3.973317266175780405e-01 6.738609259921667372e-01 1.439157167915394719e+00 1.368610149276606958e+00 1.465951029654404048e+00
-1.367911829787848310e+00 -6.661760636197069374e-01 -8.067880977971948475e-01 -3.039573535893768871e-02 1.315581294875000085e+00 1.335174810830461301e+00 1.681165760220558969e+00 1.890148520447212377e+00 9.193402595042063918e-01 1.150101300653088021e+00 1.016380565209321407e+00 1.021747881424062365e+00 1.074893543430095244e+00
-1.023664334035127021e+00 2.339486442714335812e+00 2.230669815922953436e+00 2.005005109687114651e+00 -1.571176130580508978e+00 -1.603203839022735444e+00 -1.022207821722384447e+00 1.800227793093752915e+00 2.004269539934200761e+00 1.303225715017997111e+00 -2.213472804019195106e+00 -2.261517630166978154e+00 -2.031235409695354210e+00
-9.091316760444713152e-01 -1.107019698681087849e+00 -1.421194829184761810e+00 -3.176200533638345869e-01 1.947109620118484097e+00 1.979384047502936728e+00 2.262687744344443974e+00 1.587476804388107121e+00 2.955018058273206627e-01 3.194220727566093321e-01 1.086287155250181824e+00 1.511791409418572041e+00 1.705010961247981571e+00
-1.907310665781451142e+00 -2.983940880848617305e-01 -2.321702009270602274e-01 1.040192467392168751e+00 1.170257665797108215e+00 1.135197171289705542e+00 1.600724713003887301e+00 2.468162697447387366e+00 1.585502131359295186e+00 2.147746121474290781e+00 1.298154447084424845e+00 9.335867519756495536e-01 1.036525525187366403e+00
6.315158452116569066e-02 1.700575185613297347e+00 1.337736431275642790e+00 1.473833056850164303e+00 -7.677765420447677513e-01 -8.358776988886497117e-01 -5.160149666402215063e-01 1.278577203288009168e+00 1.510926848794097666e+00 8.353254160985051913e-01 -1.680329361158160228e+00 -1.233727705727212909e+00 -8.828300414281328168e-01
-1.267738964541509139e+00 -9.607288883133011659e-01 -9.568158061542487713e-01 4.899792061271684984e-01 1.796052680035274740e+00 1.753282942444603698e+00 1.975612464985085692e+00 1.655554928398939030e+00 6.295511480262405701e-01 1.213248536336533290e+00 1.814013982798237112e+00 1.649154977113921561e+00 1.679960386210091139e+00
-8.360609171925756922e-01 2.626288295587385413e+00 2.383826201355573104e+00 1.558562772455126533e+00 -1.986090567380429883e+00 -1.986917034645356628e+00 -1.511971023871043762e+00 1.480401175668586200e+00 2.163715850900799875e+00 1.827074758071359106e+00 -1.769337562211864112e+00 -2.048215828215324663e+00 -1.968456412644295828e+00
-3.679458097083617152e-01 1.986361123576123155e+00 1.687545980597096040e+00 1.421395491927233357e+00 -1.339296614491233717e+00 -1.300036358756460730e+00 -8.350991258333160250e-01 1.479451762803626780e+00 1.875336069470560973e+00 1.940117336786933544e+00 -9.021267338352738641e-01 -1.363186227369345582e+00 -1.301844626601660782e+00
-2.114243780765244107e+00 3.350996432680278803e-01 2.339009812696999091e-01 2.137058126324445917e-01 2.052520355823359288e-01 3.461556881811963526e-01 7.749366383459568297e-01 2.132556174123396708e+00 1.954103091255654512e+00 2.454097281144450804e+00 3.829297547564928794e-01 9.897386384299849960e-02 1.835357016838927435e-01
-6.535140752102696071e-01 -1.414980456250953589e+00 -1.578423879682415931e+00 -6.308884832256715647e-02 2.373257638260047653e+00 2.345723815256349987e+00 2.611445106112980863e+00 1.694630821154490263e+00 1.003442050074698361e-01 -7.261551981930933208e-02 1.080632854841317103e+00 1.672570498028980168e+00 1.917060558905823608e+00
-3.587546252294274499e-04 1.772125262566334181e+00 1.682819026486945813e+00 1.894170101890796376e+00 -8.115644904913646984e-01 -9.931966179644317050e-01 -8.412854824475353155e-01 1.090939500221377978e+00 1.773021619052664866e+00 1.412454261047396686e+00 -1.610854567181730479e+00 -1.399447275843036964e+00 -1.256278207067411223e+00
-4.061308611434391591e-01 2.221825198824601610e+00 1.709418438121410366e+00 5.900010955950883984e-01 -1.696979378783644909e+00 -1.619573465320966799e+00 -1.231976957466456746e+00 1.252439855496598975e+00 1.985756290332951979e+00 1.744228496470030088e+00 -1.621818681353650593e+00 -1.834123945842098591e+00 -1.876228671144388960e+00
-3.351295952158492408e+00 1.156219890738244382e+00 1.138047622505426348e+00 1.380028220613511492e+00 -4.090856740342155851e-01 -2.157433377924136697e-01 6.473286195713194857e-01 3.057842392719873015e+00 2.315516030333893305e+00 2.343327612056156806e+00 -2.440204884469295565e-01 -5.677246070932389088e-01 -2.472708585781382973e-01
-2.056175159409160624e+00 2.196839385219792884e-01 1.845400667031355524e-01 1.559251104925467146e+00 1.033599630899876942e+00 9.218710335921382892e-01 1.466628074821493710e+00 2.710935277343644145e+00 1.756772888992606640e+00 1.654119796548339405e+00 5.411955408616169610e-02 8.474538794378554118e-02 1.592808502172612106e-01
-3.300477309499044498e+00 1.200424329921842004e+00 1.160315582866498385e+00 1.581639976268824244e+00 -3.030437644164106215e-01 -2.103945022683911537e-01 5.059072115525358182e-01 2.914854132410221510e+00 2.529534673516693477e+00 3.164836275927229714e+00 5.363443122871915936e-01 -3.494262229346825621e-01 -3.466409235446247794e-01
-3.226320056914427914e-01 2.105527070141896218e+00 2.177638388174344186e+00 2.283662192796486856e+00 -1.298784122669736529e+00 -1.412497256244859223e+00 -1.100480188718869767e+00 1.336609739091784377e+00 2.028484574827407183e+00 1.897511323512120596e+00 -1.402492711471643005e+00 -1.721400301334093497e+00 -1.745124095298036249e+00
-1.360650278281451686e-01 1.805166683412218642e+00 1.802014971672340149e+00 1.911348495942071679e+00 -1.029336678308942377e+00 -1.164954106386776100e+00 -9.657656973788598664e-01 1.077058249861554629e+00 1.700018140227671726e+00 1.301421975471340531e+00 -1.711769088813474671e+00 -1.670907495490175698e+00 -1.578623337165358631e+00
-1.689283707062782386e-02 1.861782999882735545e+00 1.780630897363099985e+00 8.986992720004675084e-01 -1.670678298149751662e+00 -1.503842678473294781e+00 -9.579254318901686549e-01 1.684139674253727570e+00 2.063412468249525844e+00 1.671007638669729900e+00 -1.593711269176398604e+00 -1.693651935022626454e+00 -1.535475843103347726e+00
-9.824016123848661186e-01 -8.698511533975346044e-01 -1.005523843657529115e+00 8.205952272806567027e-01 2.004964136223639670e+00 1.908864642072354290e+00 2.158955735570591283e+00 1.583806381279527109e+00 2.654912919268306859e-01 1.974979657183184023e-01 8.016119615826364786e-01 1.162819294359236144e+00 1.284030445293679268e+00
-8.928921368368130107e-01 -1.223360725616608580e+00 -1.274165704267507637e+00 3.458705645841483878e-03 2.007905878424197876e+00 2.126862682185429954e+00 2.557485212618585191e+00 2.074223030668616907e+00 3.811540259608605097e-01 5.480144063737077964e-01 1.505018878410638195e+00 1.567162002758846207e+00 1.712024294514860712e+00
-2.703439015568588344e-01 1.868689151756714351e+00 1.592604323596401361e+00 1.408445023785188210e+00 -8.848335109939517995e-01 -9.172742173909699259e-01 -5.906576414624756799e-01 1.372231423033283715e+00 1.597980437352124250e+00 6.551985664284917243e-01 -2.258183476341347529e+00 -1.673347729474194967e+00 -1.415331877842467279e+00
-1.013015079604775437e+00 -9.846156490437192321e-01 -1.009314891092720323e+00 4.306932577649607574e-01 1.909496979449733400e+00 1.847382652897862299e+00 2.033433999508869050e+00 1.335218488036582940e+00 3.341356192746852694e-02 -2.002786139336336646e-01 7.407005499783821945e-01 1.257700363697235479e+00 1.477227196078591653e+00
-1.624256076173866914e+00 -4.338544393688755774e-01 -5.714710965287247424e-01 5.572746165670274809e-01 1.241836616273468863e+00 1.311290933792656377e+00 1.893262081834853339e+00 2.418968906979686029e+00 1.070378903539951354e+00 1.450830541998049839e+00 1.244781737092335305e+00 8.337430001225799581e-01 8.073254610501823247e-01
-1.482281940456866565e+00 -6.975432120229285715e-01 -7.785829722675863263e-01 4.000835030276783111e-01 1.464895193229633907e+00 1.525880942505455362e+00 2.110095226927885648e+00 2.536026486903872446e+00 1.084047590458734556e+00 1.427519999284002417e+00 1.356115853077551892e+00 1.065936379005862022e+00 1.127683795471354777e+00
-1.464673388836482237e+00 -5.408199764995489378e-01 -6.735860210278064031e-01 1.204672187852485754e+00 1.801743340608663591e+00 1.781497531093211295e+00 2.349424427525069525e+00 2.451767202494829601e+00 6.127402402993673558e-01 1.448779138500237984e-01 4.051242483163577934e-01 8.193533752664888814e-01 1.093801208612510845e+00
-1.478216622630156518e+00 -4.133564431812401518e-01 -3.906860308482493771e-01 1.371145762727689510e+00 1.712600774980585605e+00 1.694499928994895210e+00 2.269423653464232249e+00 2.734043141105075847e+00 1.058641981538834598e+00 1.199485001044638954e+00 1.082460605723424729e+00 8.282021761076162614e-01 8.694288876756097739e-01
-1.377975625057292763e+00 -6.647564561640172398e-01 -6.677211826891510382e-01 1.088140332434446966e+00 1.846665802255981870e+00 1.693980270658153264e+00 1.975214587397712274e+00 1.959363556268775897e+00 8.319403297330734137e-01 1.103834558274815025e+00 1.261457207413928749e+00 1.313083375326189906e+00 1.410841915507400346e+00
-3.079304440727419906e-02 1.659296742695289817e+00 1.623074376004803199e+00 1.535372773277514868e+00 -9.891197635030500868e-01 -9.547322444341415082e-01 -5.217196759467283007e-01 1.708938772150817798e+00 2.035812380584315129e+00 2.016213425244739454e+00 -9.848788435576244504e-01 -1.240322362002105772e+00 -1.163126193369885764e+00
-2.613845802062245705e-01 2.120491245824631665e+00 1.818010507639375106e+00 1.702299092967832772e+00 -1.034566101627703461e+00 -1.111477291237741971e+00 -6.893725413370710431e-01 1.754669849555679395e+00 2.165579607838920673e+00 1.449835406037346175e+00 -2.013371987918699535e+00 -1.614698984845119423e+00 -1.283582923846497081e+00
-8.383890596051682964e-01 2.163527712490991295e+00 1.965412254384878432e+00 1.539763588427905727e+00 -1.520624023692429549e+00 -1.527348198150851877e+00 -1.058470812514973991e+00 1.387802450656817177e+00 1.690507616008830372e+00 1.060227543771940395e+00 -1.952107302495088792e+00 -1.975611437029312301e+00 -1.839758590644383629e+00
-7.403259146013253522e-01 2.329298727345946229e+00 2.132040964547281980e+00 2.479448950713216249e+00 -1.267961089164791222e+00 -1.414285872207807770e+00 -1.085037524967664924e+00 1.444253445717176731e+00 2.123664208091430972e+00 1.447655326803436671e+00 -2.174116714900470537e+00 -1.850221698218745381e+00 -1.573838846231516264e+00
